# 	 time 	 original 	 transformed 
0.00 	 0.0000 	 0.0000 
0.00 	 0.0002 	 0.0002 
0.00 	 0.0004 	 0.0004 
0.01 	 0.0005 	 0.0005 
0.01 	 0.0007 	 0.0007 
0.01 	 0.0009 	 0.0009 
0.01 	 0.0011 	 0.0011 
0.01 	 0.0013 	 0.0013 
0.02 	 0.0014 	 0.0014 
0.02 	 0.0016 	 0.0016 
0.02 	 0.0017 	 0.0017 
0.02 	 0.0019 	 0.0019 
0.02 	 0.0021 	 0.0021 
0.03 	 0.0023 	 0.0023 
0.03 	 0.0025 	 0.0025 
0.03 	 0.0027 	 0.0027 
0.03 	 0.0028 	 0.0028 
0.03 	 0.0030 	 0.0030 
0.04 	 0.0031 	 0.0031 
0.04 	 0.0032 	 0.0032 
0.04 	 0.0033 	 0.0033 
0.04 	 0.0035 	 0.0035 
0.04 	 0.0036 	 0.0036 
0.05 	 0.0039 	 0.0039 
0.05 	 0.0041 	 0.0041 
0.05 	 0.0043 	 0.0043 
0.05 	 0.0045 	 0.0045 
0.05 	 0.0047 	 0.0047 
0.06 	 0.0049 	 0.0049 
0.06 	 0.0052 	 0.0052 
0.06 	 0.0053 	 0.0053 
0.06 	 0.0056 	 0.0056 
0.06 	 0.0057 	 0.0057 
0.07 	 0.0059 	 0.0059 
0.07 	 0.0061 	 0.0061 
0.07 	 0.0063 	 0.0063 
0.07 	 0.0065 	 0.0065 
0.07 	 0.0068 	 0.0068 
0.08 	 0.0070 	 0.0070 
0.08 	 0.0073 	 0.0073 
0.08 	 0.0076 	 0.0076 
0.08 	 0.0078 	 0.0078 
0.08 	 0.0079 	 0.0079 
0.09 	 0.0080 	 0.0080 
0.09 	 0.0081 	 0.0081 
0.09 	 0.0083 	 0.0083 
0.09 	 0.0084 	 0.0084 
0.09 	 0.0086 	 0.0086 
0.10 	 0.0087 	 0.0087 
0.10 	 0.0089 	 0.0089 
0.10 	 0.0090 	 0.0090 
0.10 	 0.0091 	 0.0091 
0.10 	 0.0093 	 0.0093 
0.11 	 0.0095 	 0.0095 
0.11 	 0.0097 	 0.0097 
0.11 	 0.0098 	 0.0098 
0.11 	 0.0100 	 0.0100 
0.11 	 0.0102 	 0.0102 
0.12 	 0.0103 	 0.0103 
0.12 	 0.0106 	 0.0106 
0.12 	 0.0108 	 0.0108 
0.12 	 0.0109 	 0.0109 
0.12 	 0.0111 	 0.0111 
0.13 	 0.0111 	 0.0111 
0.13 	 0.0114 	 0.0114 
0.13 	 0.0116 	 0.0115 
0.13 	 0.0117 	 0.0117 
0.13 	 0.0119 	 0.0119 
0.14 	 0.0121 	 0.0121 
0.14 	 0.0121 	 0.0120 
0.14 	 0.0124 	 0.0124 
0.14 	 0.0127 	 0.0127 
0.14 	 0.0131 	 0.0131 
0.15 	 0.0133 	 0.0132 
0.15 	 0.0134 	 0.0134 
0.15 	 0.0135 	 0.0135 
0.15 	 0.0137 	 0.0137 
0.15 	 0.0137 	 0.0137 
0.16 	 0.0139 	 0.0139 
0.16 	 0.0141 	 0.0141 
0.16 	 0.0142 	 0.0142 
0.16 	 0.0143 	 0.0143 
0.16 	 0.0145 	 0.0145 
0.17 	 0.0145 	 0.0145 
0.17 	 0.0147 	 0.0147 
0.17 	 0.0149 	 0.0149 
0.17 	 0.0151 	 0.0151 
0.17 	 0.0152 	 0.0152 
0.18 	 0.0153 	 0.0154 
0.18 	 0.0156 	 0.0156 
0.18 	 0.0156 	 0.0157 
0.18 	 0.0158 	 0.0159 
0.18 	 0.0161 	 0.0161 
0.19 	 0.0162 	 0.0162 
0.19 	 0.0164 	 0.0164 
0.19 	 0.0169 	 0.0169 
0.19 	 0.0171 	 0.0171 
0.19 	 0.0173 	 0.0173 
0.20 	 0.0175 	 0.0175 
0.20 	 0.0174 	 0.0174 
0.20 	 0.0174 	 0.0174 
0.20 	 0.0175 	 0.0175 
0.20 	 0.0178 	 0.0178 
0.21 	 0.0179 	 0.0180 
0.21 	 0.0182 	 0.0182 
0.21 	 0.0184 	 0.0185 
0.21 	 0.0186 	 0.0186 
0.21 	 0.0188 	 0.0189 
0.22 	 0.0189 	 0.0189 
0.22 	 0.0192 	 0.0192 
0.22 	 0.0194 	 0.0194 
0.22 	 0.0193 	 0.0193 
0.22 	 0.0195 	 0.0195 
0.23 	 0.0197 	 0.0197 
0.23 	 0.0198 	 0.0198 
0.23 	 0.0198 	 0.0198 
0.23 	 0.0201 	 0.0201 
0.23 	 0.0203 	 0.0203 
0.24 	 0.0205 	 0.0205 
0.24 	 0.0206 	 0.0205 
0.24 	 0.0207 	 0.0207 
0.24 	 0.0209 	 0.0208 
0.24 	 0.0210 	 0.0210 
0.25 	 0.0213 	 0.0213 
0.25 	 0.0215 	 0.0216 
0.25 	 0.0217 	 0.0217 
0.25 	 0.0218 	 0.0219 
0.25 	 0.0221 	 0.0221 
0.26 	 0.0221 	 0.0222 
0.26 	 0.0223 	 0.0224 
0.26 	 0.0222 	 0.0222 
0.26 	 0.0221 	 0.0221 
0.26 	 0.0221 	 0.0221 
0.27 	 0.0223 	 0.0224 
0.27 	 0.0225 	 0.0226 
0.27 	 0.0226 	 0.0227 
0.27 	 0.0229 	 0.0230 
0.27 	 0.0231 	 0.0231 
0.28 	 0.0231 	 0.0232 
0.28 	 0.0233 	 0.0233 
0.28 	 0.0235 	 0.0236 
0.28 	 0.0237 	 0.0237 
0.28 	 0.0238 	 0.0239 
0.29 	 0.0240 	 0.0241 
0.29 	 0.0240 	 0.0241 
0.29 	 0.0243 	 0.0244 
0.29 	 0.0246 	 0.0247 
0.29 	 0.0248 	 0.0249 
0.30 	 0.0249 	 0.0250 
0.30 	 0.0252 	 0.0253 
0.30 	 0.0253 	 0.0254 
0.30 	 0.0254 	 0.0255 
0.30 	 0.0256 	 0.0258 
0.31 	 0.0260 	 0.0261 
0.31 	 0.0260 	 0.0261 
0.31 	 0.0261 	 0.0263 
0.31 	 0.0264 	 0.0265 
0.31 	 0.0265 	 0.0267 
0.32 	 0.0268 	 0.0269 
0.32 	 0.0269 	 0.0270 
0.32 	 0.0270 	 0.0271 
0.32 	 0.0273 	 0.0275 
0.32 	 0.0275 	 0.0277 
0.33 	 0.0275 	 0.0277 
0.33 	 0.0276 	 0.0278 
0.33 	 0.0280 	 0.0281 
0.33 	 0.0283 	 0.0285 
0.33 	 0.0283 	 0.0285 
0.34 	 0.0287 	 0.0289 
0.34 	 0.0287 	 0.0289 
0.34 	 0.0289 	 0.0291 
0.34 	 0.0289 	 0.0291 
0.34 	 0.0291 	 0.0293 
0.35 	 0.0295 	 0.0298 
0.35 	 0.0296 	 0.0298 
0.35 	 0.0297 	 0.0299 
0.35 	 0.0296 	 0.0299 
0.35 	 0.0297 	 0.0299 
0.36 	 0.0296 	 0.0298 
0.36 	 0.0300 	 0.0302 
0.36 	 0.0301 	 0.0303 
0.36 	 0.0302 	 0.0304 
0.36 	 0.0304 	 0.0306 
0.37 	 0.0307 	 0.0309 
0.37 	 0.0307 	 0.0310 
0.37 	 0.0308 	 0.0311 
0.37 	 0.0311 	 0.0313 
0.37 	 0.0315 	 0.0318 
0.38 	 0.0318 	 0.0321 
0.38 	 0.0318 	 0.0321 
0.38 	 0.0323 	 0.0326 
0.38 	 0.0325 	 0.0327 
0.38 	 0.0325 	 0.0327 
0.39 	 0.0333 	 0.0336 
0.39 	 0.0333 	 0.0337 
0.39 	 0.0336 	 0.0339 
0.39 	 0.0338 	 0.0341 
0.39 	 0.0340 	 0.0344 
0.40 	 0.0337 	 0.0340 
0.40 	 0.0340 	 0.0344 
0.40 	 0.0342 	 0.0346 
0.40 	 0.0344 	 0.0348 
0.40 	 0.0348 	 0.0353 
0.41 	 0.0349 	 0.0354 
0.41 	 0.0352 	 0.0357 
0.41 	 0.0354 	 0.0358 
0.41 	 0.0353 	 0.0357 
0.41 	 0.0355 	 0.0360 
0.42 	 0.0359 	 0.0363 
0.42 	 0.0361 	 0.0366 
0.42 	 0.0364 	 0.0369 
0.42 	 0.0364 	 0.0369 
0.42 	 0.0365 	 0.0370 
0.43 	 0.0368 	 0.0373 
0.43 	 0.0364 	 0.0369 
0.43 	 0.0365 	 0.0370 
0.43 	 0.0371 	 0.0376 
0.43 	 0.0370 	 0.0375 
0.44 	 0.0374 	 0.0378 
0.44 	 0.0376 	 0.0382 
0.44 	 0.0380 	 0.0386 
0.44 	 0.0380 	 0.0386 
0.44 	 0.0381 	 0.0388 
0.45 	 0.0384 	 0.0391 
0.45 	 0.0387 	 0.0394 
0.45 	 0.0393 	 0.0400 
0.45 	 0.0400 	 0.0405 
0.45 	 0.0402 	 0.0408 
0.46 	 0.0403 	 0.0409 
0.46 	 0.0404 	 0.0411 
0.46 	 0.0406 	 0.0413 
0.46 	 0.0410 	 0.0416 
0.46 	 0.0416 	 0.0422 
0.47 	 0.0415 	 0.0420 
0.47 	 0.0417 	 0.0423 
0.47 	 0.0421 	 0.0426 
0.47 	 0.0423 	 0.0429 
0.47 	 0.0424 	 0.0430 
0.48 	 0.0426 	 0.0432 
0.48 	 0.0432 	 0.0438 
0.48 	 0.0432 	 0.0438 
0.48 	 0.0429 	 0.0434 
0.48 	 0.0430 	 0.0435 
0.49 	 0.0434 	 0.0438 
0.49 	 0.0438 	 0.0442 
0.49 	 0.0440 	 0.0443 
0.49 	 0.0439 	 0.0443 
0.49 	 0.0442 	 0.0446 
0.50 	 0.0441 	 0.0445 
0.50 	 0.0442 	 0.0446 
0.50 	 0.0442 	 0.0446 
0.50 	 0.0445 	 0.0449 
0.50 	 0.0447 	 0.0450 
0.51 	 0.0451 	 0.0454 
0.51 	 0.0452 	 0.0455 
0.51 	 0.0453 	 0.0457 
0.51 	 0.0453 	 0.0458 
0.51 	 0.0452 	 0.0457 
0.52 	 0.0455 	 0.0460 
0.52 	 0.0457 	 0.0462 
0.52 	 0.0458 	 0.0464 
0.52 	 0.0460 	 0.0465 
0.52 	 0.0461 	 0.0467 
0.53 	 0.0466 	 0.0471 
0.53 	 0.0467 	 0.0472 
0.53 	 0.0473 	 0.0478 
0.53 	 0.0475 	 0.0480 
0.53 	 0.0476 	 0.0480 
0.54 	 0.0477 	 0.0482 
0.54 	 0.0481 	 0.0486 
0.54 	 0.0483 	 0.0488 
0.54 	 0.0484 	 0.0490 
0.54 	 0.0481 	 0.0487 
0.55 	 0.0481 	 0.0487 
0.55 	 0.0486 	 0.0492 
0.55 	 0.0486 	 0.0493 
0.55 	 0.0488 	 0.0495 
0.55 	 0.0491 	 0.0497 
0.56 	 0.0491 	 0.0497 
0.56 	 0.0494 	 0.0500 
0.56 	 0.0495 	 0.0501 
0.56 	 0.0496 	 0.0502 
0.56 	 0.0498 	 0.0503 
0.57 	 0.0498 	 0.0504 
0.57 	 0.0504 	 0.0510 
0.57 	 0.0506 	 0.0512 
0.57 	 0.0509 	 0.0515 
0.57 	 0.0513 	 0.0518 
0.58 	 0.0516 	 0.0521 
0.58 	 0.0518 	 0.0524 
0.58 	 0.0522 	 0.0527 
0.58 	 0.0526 	 0.0531 
0.58 	 0.0527 	 0.0532 
0.59 	 0.0531 	 0.0536 
0.59 	 0.0529 	 0.0534 
0.59 	 0.0531 	 0.0536 
0.59 	 0.0535 	 0.0540 
0.59 	 0.0538 	 0.0544 
0.60 	 0.0540 	 0.0545 
0.60 	 0.0540 	 0.0545 
0.60 	 0.0539 	 0.0543 
0.60 	 0.0537 	 0.0542 
0.60 	 0.0540 	 0.0544 
0.61 	 0.0537 	 0.0542 
0.61 	 0.0538 	 0.0542 
0.61 	 0.0539 	 0.0544 
0.61 	 0.0544 	 0.0549 
0.61 	 0.0545 	 0.0549 
0.62 	 0.0548 	 0.0553 
0.62 	 0.0550 	 0.0556 
0.62 	 0.0555 	 0.0562 
0.62 	 0.0556 	 0.0563 
0.62 	 0.0557 	 0.0564 
0.63 	 0.0558 	 0.0567 
0.63 	 0.0561 	 0.0569 
0.63 	 0.0562 	 0.0569 
0.63 	 0.0564 	 0.0570 
0.63 	 0.0566 	 0.0573 
0.64 	 0.0565 	 0.0572 
0.64 	 0.0566 	 0.0573 
0.64 	 0.0568 	 0.0575 
0.64 	 0.0566 	 0.0573 
0.64 	 0.0567 	 0.0574 
0.65 	 0.0567 	 0.0575 
0.65 	 0.0572 	 0.0579 
0.65 	 0.0572 	 0.0580 
0.65 	 0.0573 	 0.0580 
0.65 	 0.0573 	 0.0580 
0.66 	 0.0570 	 0.0577 
0.66 	 0.0571 	 0.0579 
0.66 	 0.0576 	 0.0583 
0.66 	 0.0578 	 0.0585 
0.66 	 0.0580 	 0.0587 
0.67 	 0.0577 	 0.0584 
0.67 	 0.0583 	 0.0590 
0.67 	 0.0582 	 0.0590 
0.67 	 0.0581 	 0.0588 
0.67 	 0.0577 	 0.0584 
0.68 	 0.0578 	 0.0584 
0.68 	 0.0580 	 0.0586 
0.68 	 0.0578 	 0.0584 
0.68 	 0.0579 	 0.0585 
0.68 	 0.0579 	 0.0586 
0.69 	 0.0581 	 0.0587 
0.69 	 0.0581 	 0.0589 
0.69 	 0.0583 	 0.0590 
0.69 	 0.0585 	 0.0592 
0.69 	 0.0588 	 0.0595 
0.70 	 0.0592 	 0.0599 
0.70 	 0.0595 	 0.0602 
0.70 	 0.0594 	 0.0601 
0.70 	 0.0595 	 0.0602 
0.70 	 0.0600 	 0.0607 
0.71 	 0.0598 	 0.0605 
0.71 	 0.0603 	 0.0610 
0.71 	 0.0602 	 0.0609 
0.71 	 0.0605 	 0.0613 
0.71 	 0.0607 	 0.0616 
0.72 	 0.0604 	 0.0613 
0.72 	 0.0603 	 0.0610 
0.72 	 0.0601 	 0.0608 
0.72 	 0.0605 	 0.0612 
0.72 	 0.0612 	 0.0617 
0.73 	 0.0612 	 0.0618 
0.73 	 0.0612 	 0.0618 
0.73 	 0.0614 	 0.0620 
0.73 	 0.0617 	 0.0624 
0.73 	 0.0621 	 0.0627 
0.74 	 0.0622 	 0.0628 
0.74 	 0.0619 	 0.0626 
0.74 	 0.0621 	 0.0629 
0.74 	 0.0624 	 0.0632 
0.74 	 0.0623 	 0.0631 
0.75 	 0.0622 	 0.0630 
0.75 	 0.0624 	 0.0631 
0.75 	 0.0621 	 0.0628 
0.75 	 0.0619 	 0.0627 
0.75 	 0.0623 	 0.0631 
0.76 	 0.0629 	 0.0638 
0.76 	 0.0632 	 0.0641 
0.76 	 0.0636 	 0.0644 
0.76 	 0.0637 	 0.0645 
0.76 	 0.0637 	 0.0645 
0.77 	 0.0641 	 0.0649 
0.77 	 0.0641 	 0.0649 
0.77 	 0.0643 	 0.0651 
0.77 	 0.0643 	 0.0650 
0.77 	 0.0645 	 0.0652 
0.78 	 0.0648 	 0.0655 
0.78 	 0.0651 	 0.0659 
0.78 	 0.0655 	 0.0662 
0.78 	 0.0656 	 0.0665 
0.78 	 0.0658 	 0.0668 
0.79 	 0.0663 	 0.0673 
0.79 	 0.0666 	 0.0677 
0.79 	 0.0669 	 0.0679 
0.79 	 0.0673 	 0.0682 
0.79 	 0.0674 	 0.0683 
0.80 	 0.0675 	 0.0684 
0.80 	 0.0681 	 0.0689 
0.80 	 0.0680 	 0.0688 
0.80 	 0.0684 	 0.0692 
0.80 	 0.0689 	 0.0698 
0.81 	 0.0693 	 0.0702 
0.81 	 0.0689 	 0.0698 
0.81 	 0.0687 	 0.0695 
0.81 	 0.0690 	 0.0696 
0.81 	 0.0685 	 0.0691 
0.82 	 0.0685 	 0.0691 
0.82 	 0.0686 	 0.0692 
0.82 	 0.0686 	 0.0692 
0.82 	 0.0687 	 0.0694 
0.82 	 0.0690 	 0.0698 
0.83 	 0.0695 	 0.0702 
0.83 	 0.0696 	 0.0704 
0.83 	 0.0701 	 0.0709 
0.83 	 0.0699 	 0.0707 
0.83 	 0.0704 	 0.0710 
0.84 	 0.0706 	 0.0711 
0.84 	 0.0704 	 0.0709 
0.84 	 0.0706 	 0.0711 
0.84 	 0.0705 	 0.0711 
0.84 	 0.0704 	 0.0710 
0.85 	 0.0706 	 0.0711 
0.85 	 0.0709 	 0.0715 
0.85 	 0.0713 	 0.0718 
0.85 	 0.0721 	 0.0726 
0.85 	 0.0722 	 0.0728 
0.86 	 0.0722 	 0.0730 
0.86 	 0.0727 	 0.0734 
0.86 	 0.0726 	 0.0732 
0.86 	 0.0733 	 0.0740 
0.86 	 0.0731 	 0.0739 
0.87 	 0.0735 	 0.0744 
0.87 	 0.0738 	 0.0745 
0.87 	 0.0740 	 0.0747 
0.87 	 0.0740 	 0.0747 
0.87 	 0.0739 	 0.0746 
0.88 	 0.0738 	 0.0743 
0.88 	 0.0737 	 0.0742 
0.88 	 0.0748 	 0.0753 
0.88 	 0.0754 	 0.0758 
0.88 	 0.0750 	 0.0754 
0.89 	 0.0749 	 0.0754 
0.89 	 0.0752 	 0.0757 
0.89 	 0.0756 	 0.0761 
0.89 	 0.0757 	 0.0761 
0.89 	 0.0762 	 0.0766 
0.90 	 0.0765 	 0.0770 
0.90 	 0.0769 	 0.0774 
0.90 	 0.0775 	 0.0780 
0.90 	 0.0778 	 0.0783 
0.90 	 0.0780 	 0.0784 
0.91 	 0.0785 	 0.0791 
0.91 	 0.0786 	 0.0791 
0.91 	 0.0785 	 0.0791 
0.91 	 0.0787 	 0.0793 
0.91 	 0.0792 	 0.0797 
0.92 	 0.0795 	 0.0799 
0.92 	 0.0797 	 0.0801 
0.92 	 0.0799 	 0.0803 
0.92 	 0.0802 	 0.0806 
0.92 	 0.0807 	 0.0810 
0.93 	 0.0804 	 0.0807 
0.93 	 0.0811 	 0.0814 
0.93 	 0.0811 	 0.0814 
0.93 	 0.0816 	 0.0818 
0.93 	 0.0816 	 0.0818 
0.94 	 0.0818 	 0.0821 
0.94 	 0.0822 	 0.0826 
0.94 	 0.0827 	 0.0832 
0.94 	 0.0831 	 0.0836 
0.94 	 0.0836 	 0.0842 
0.95 	 0.0846 	 0.0850 
0.95 	 0.0847 	 0.0850 
0.95 	 0.0850 	 0.0853 
0.95 	 0.0851 	 0.0855 
0.95 	 0.0850 	 0.0855 
0.96 	 0.0847 	 0.0854 
0.96 	 0.0847 	 0.0853 
0.96 	 0.0850 	 0.0855 
0.96 	 0.0850 	 0.0856 
0.96 	 0.0850 	 0.0856 
0.97 	 0.0846 	 0.0853 
0.97 	 0.0842 	 0.0847 
0.97 	 0.0845 	 0.0850 
0.97 	 0.0843 	 0.0848 
0.97 	 0.0847 	 0.0854 
0.98 	 0.0848 	 0.0857 
0.98 	 0.0854 	 0.0861 
0.98 	 0.0855 	 0.0862 
0.98 	 0.0861 	 0.0867 
0.98 	 0.0868 	 0.0874 
0.99 	 0.0873 	 0.0879 
0.99 	 0.0877 	 0.0885 
0.99 	 0.0878 	 0.0887 
0.99 	 0.0879 	 0.0889 
0.99 	 0.0880 	 0.0891 
1.00 	 0.0880 	 0.0892 
1.00 	 0.0878 	 0.0891 
1.00 	 0.0882 	 0.0896 
1.00 	 0.0883 	 0.0897 
1.00 	 0.0880 	 0.0894 
1.01 	 0.0885 	 0.0898 
1.01 	 0.0890 	 0.0902 
1.01 	 0.0888 	 0.0900 
1.01 	 0.0892 	 0.0904 
1.01 	 0.0892 	 0.0904 
1.02 	 0.0891 	 0.0902 
1.02 	 0.0893 	 0.0903 
1.02 	 0.0890 	 0.0900 
1.02 	 0.0894 	 0.0903 
1.02 	 0.0895 	 0.0903 
1.03 	 0.0897 	 0.0906 
1.03 	 0.0906 	 0.0914 
1.03 	 0.0907 	 0.0915 
1.03 	 0.0911 	 0.0921 
1.03 	 0.0915 	 0.0923 
1.04 	 0.0914 	 0.0923 
1.04 	 0.0915 	 0.0924 
1.04 	 0.0914 	 0.0924 
1.04 	 0.0914 	 0.0923 
1.04 	 0.0910 	 0.0921 
1.05 	 0.0909 	 0.0921 
1.05 	 0.0912 	 0.0923 
1.05 	 0.0923 	 0.0934 
1.05 	 0.0930 	 0.0940 
1.05 	 0.0932 	 0.0941 
1.06 	 0.0935 	 0.0945 
1.06 	 0.0938 	 0.0949 
1.06 	 0.0947 	 0.0957 
1.06 	 0.0948 	 0.0959 
1.06 	 0.0952 	 0.0962 
1.07 	 0.0959 	 0.0970 
1.07 	 0.0962 	 0.0974 
1.07 	 0.0964 	 0.0977 
1.07 	 0.0963 	 0.0975 
1.07 	 0.0964 	 0.0976 
1.08 	 0.0970 	 0.0982 
1.08 	 0.0967 	 0.0979 
1.08 	 0.0973 	 0.0985 
1.08 	 0.0976 	 0.0989 
1.08 	 0.0977 	 0.0990 
1.09 	 0.0981 	 0.0994 
1.09 	 0.0985 	 0.0995 
1.09 	 0.0986 	 0.0997 
1.09 	 0.0988 	 0.1000 
1.09 	 0.0987 	 0.0998 
1.10 	 0.0993 	 0.1002 
1.10 	 0.0998 	 0.1006 
1.10 	 0.1003 	 0.1011 
1.10 	 0.1008 	 0.1016 
1.10 	 0.1012 	 0.1021 
1.11 	 0.1019 	 0.1027 
1.11 	 0.1022 	 0.1029 
1.11 	 0.1022 	 0.1028 
1.11 	 0.1022 	 0.1027 
1.11 	 0.1030 	 0.1034 
1.12 	 0.1034 	 0.1038 
1.12 	 0.1042 	 0.1047 
1.12 	 0.1053 	 0.1057 
1.12 	 0.1059 	 0.1061 
1.12 	 0.1058 	 0.1061 
1.13 	 0.1061 	 0.1062 
1.13 	 0.1065 	 0.1066 
1.13 	 0.1064 	 0.1064 
1.13 	 0.1061 	 0.1062 
1.13 	 0.1060 	 0.1061 
1.14 	 0.1063 	 0.1062 
1.14 	 0.1065 	 0.1064 
1.14 	 0.1067 	 0.1065 
1.14 	 0.1070 	 0.1066 
1.14 	 0.1067 	 0.1063 
1.15 	 0.1061 	 0.1055 
1.15 	 0.1068 	 0.1063 
1.15 	 0.1068 	 0.1065 
1.15 	 0.1069 	 0.1064 
1.15 	 0.1069 	 0.1065 
1.16 	 0.1079 	 0.1073 
1.16 	 0.1086 	 0.1081 
1.16 	 0.1093 	 0.1088 
1.16 	 0.1096 	 0.1091 
1.16 	 0.1088 	 0.1084 
1.17 	 0.1093 	 0.1089 
1.17 	 0.1093 	 0.1091 
1.17 	 0.1098 	 0.1095 
1.17 	 0.1096 	 0.1093 
1.17 	 0.1105 	 0.1101 
1.18 	 0.1106 	 0.1101 
1.18 	 0.1107 	 0.1103 
1.18 	 0.1108 	 0.1104 
1.18 	 0.1110 	 0.1106 
1.18 	 0.1108 	 0.1103 
1.19 	 0.1119 	 0.1115 
1.19 	 0.1117 	 0.1111 
1.19 	 0.1124 	 0.1117 
1.19 	 0.1129 	 0.1123 
1.19 	 0.1126 	 0.1121 
1.20 	 0.1131 	 0.1127 
1.20 	 0.1127 	 0.1123 
1.20 	 0.1132 	 0.1127 
1.20 	 0.1144 	 0.1137 
1.20 	 0.1145 	 0.1137 
1.21 	 0.1145 	 0.1140 
1.21 	 0.1145 	 0.1140 
1.21 	 0.1136 	 0.1131 
1.21 	 0.1140 	 0.1135 
1.21 	 0.1136 	 0.1129 
1.22 	 0.1139 	 0.1132 
1.22 	 0.1145 	 0.1137 
1.22 	 0.1145 	 0.1139 
1.22 	 0.1144 	 0.1138 
1.22 	 0.1142 	 0.1137 
1.23 	 0.1140 	 0.1136 
1.23 	 0.1141 	 0.1135 
1.23 	 0.1146 	 0.1140 
1.23 	 0.1147 	 0.1142 
1.23 	 0.1155 	 0.1151 
1.24 	 0.1153 	 0.1150 
1.24 	 0.1152 	 0.1147 
1.24 	 0.1153 	 0.1148 
1.24 	 0.1149 	 0.1146 
1.24 	 0.1147 	 0.1144 
1.25 	 0.1143 	 0.1140 
1.25 	 0.1142 	 0.1139 
1.25 	 0.1146 	 0.1143 
1.25 	 0.1152 	 0.1147 
1.25 	 0.1159 	 0.1152 
1.26 	 0.1164 	 0.1158 
1.26 	 0.1168 	 0.1163 
1.26 	 0.1172 	 0.1166 
1.26 	 0.1181 	 0.1176 
1.26 	 0.1180 	 0.1175 
1.27 	 0.1178 	 0.1174 
1.27 	 0.1185 	 0.1181 
1.27 	 0.1182 	 0.1179 
1.27 	 0.1186 	 0.1184 
1.27 	 0.1195 	 0.1196 
1.28 	 0.1197 	 0.1198 
1.28 	 0.1207 	 0.1210 
1.28 	 0.1213 	 0.1213 
1.28 	 0.1217 	 0.1217 
1.28 	 0.1218 	 0.1217 
1.29 	 0.1221 	 0.1219 
1.29 	 0.1229 	 0.1227 
1.29 	 0.1236 	 0.1234 
1.29 	 0.1244 	 0.1241 
1.29 	 0.1237 	 0.1233 
1.30 	 0.1240 	 0.1233 
1.30 	 0.1245 	 0.1238 
1.30 	 0.1256 	 0.1252 
1.30 	 0.1253 	 0.1249 
1.30 	 0.1256 	 0.1253 
1.31 	 0.1254 	 0.1249 
1.31 	 0.1262 	 0.1256 
1.31 	 0.1268 	 0.1262 
1.31 	 0.1272 	 0.1266 
1.31 	 0.1282 	 0.1278 
1.32 	 0.1297 	 0.1292 
1.32 	 0.1302 	 0.1295 
1.32 	 0.1312 	 0.1302 
1.32 	 0.1316 	 0.1304 
1.32 	 0.1316 	 0.1307 
1.33 	 0.1313 	 0.1303 
1.33 	 0.1308 	 0.1299 
1.33 	 0.1304 	 0.1291 
1.33 	 0.1297 	 0.1285 
1.33 	 0.1301 	 0.1290 
1.34 	 0.1301 	 0.1289 
1.34 	 0.1307 	 0.1294 
1.34 	 0.1317 	 0.1304 
1.34 	 0.1320 	 0.1306 
1.34 	 0.1310 	 0.1297 
1.35 	 0.1314 	 0.1298 
1.35 	 0.1310 	 0.1296 
1.35 	 0.1311 	 0.1300 
1.35 	 0.1314 	 0.1301 
1.35 	 0.1315 	 0.1303 
1.36 	 0.1314 	 0.1304 
1.36 	 0.1309 	 0.1299 
1.36 	 0.1312 	 0.1301 
1.36 	 0.1307 	 0.1299 
1.36 	 0.1327 	 0.1317 
1.37 	 0.1331 	 0.1321 
1.37 	 0.1332 	 0.1320 
1.37 	 0.1334 	 0.1322 
1.37 	 0.1332 	 0.1320 
1.37 	 0.1337 	 0.1322 
1.38 	 0.1336 	 0.1322 
1.38 	 0.1337 	 0.1327 
1.38 	 0.1341 	 0.1331 
1.38 	 0.1345 	 0.1332 
1.38 	 0.1348 	 0.1337 
1.39 	 0.1349 	 0.1337 
1.39 	 0.1349 	 0.1335 
1.39 	 0.1362 	 0.1347 
1.39 	 0.1363 	 0.1349 
1.39 	 0.1365 	 0.1351 
1.40 	 0.1372 	 0.1356 
1.40 	 0.1373 	 0.1357 
1.40 	 0.1371 	 0.1357 
1.40 	 0.1372 	 0.1355 
1.40 	 0.1376 	 0.1361 
1.41 	 0.1377 	 0.1361 
1.41 	 0.1378 	 0.1364 
1.41 	 0.1383 	 0.1368 
1.41 	 0.1388 	 0.1371 
1.41 	 0.1391 	 0.1373 
1.42 	 0.1394 	 0.1376 
1.42 	 0.1395 	 0.1377 
1.42 	 0.1382 	 0.1367 
1.42 	 0.1382 	 0.1368 
1.42 	 0.1387 	 0.1373 
1.43 	 0.1388 	 0.1375 
1.43 	 0.1395 	 0.1382 
1.43 	 0.1396 	 0.1383 
1.43 	 0.1394 	 0.1381 
1.43 	 0.1394 	 0.1383 
1.44 	 0.1395 	 0.1382 
1.44 	 0.1391 	 0.1379 
1.44 	 0.1390 	 0.1377 
1.44 	 0.1391 	 0.1381 
1.44 	 0.1388 	 0.1376 
1.45 	 0.1388 	 0.1377 
1.45 	 0.1388 	 0.1377 
1.45 	 0.1399 	 0.1387 
1.45 	 0.1402 	 0.1390 
1.45 	 0.1402 	 0.1390 
1.46 	 0.1412 	 0.1398 
1.46 	 0.1411 	 0.1398 
1.46 	 0.1416 	 0.1401 
1.46 	 0.1422 	 0.1404 
1.46 	 0.1428 	 0.1409 
1.47 	 0.1426 	 0.1408 
1.47 	 0.1431 	 0.1415 
1.47 	 0.1439 	 0.1421 
1.47 	 0.1447 	 0.1426 
1.47 	 0.1446 	 0.1425 
1.48 	 0.1445 	 0.1425 
1.48 	 0.1452 	 0.1433 
1.48 	 0.1446 	 0.1424 
1.48 	 0.1446 	 0.1425 
1.48 	 0.1445 	 0.1424 
1.49 	 0.1442 	 0.1422 
1.49 	 0.1451 	 0.1429 
1.49 	 0.1453 	 0.1430 
1.49 	 0.1451 	 0.1426 
1.49 	 0.1452 	 0.1425 
1.50 	 0.1443 	 0.1417 
1.50 	 0.1441 	 0.1414 
1.50 	 0.1451 	 0.1420 
1.50 	 0.1447 	 0.1414 
1.50 	 0.1456 	 0.1424 
1.51 	 0.1458 	 0.1428 
1.51 	 0.1457 	 0.1427 
1.51 	 0.1456 	 0.1425 
1.51 	 0.1465 	 0.1434 
1.51 	 0.1463 	 0.1431 
1.52 	 0.1460 	 0.1429 
1.52 	 0.1464 	 0.1433 
1.52 	 0.1466 	 0.1437 
1.52 	 0.1464 	 0.1436 
1.52 	 0.1466 	 0.1439 
1.53 	 0.1474 	 0.1446 
1.53 	 0.1469 	 0.1440 
1.53 	 0.1472 	 0.1444 
1.53 	 0.1473 	 0.1446 
1.53 	 0.1471 	 0.1443 
1.54 	 0.1474 	 0.1445 
1.54 	 0.1479 	 0.1449 
1.54 	 0.1485 	 0.1455 
1.54 	 0.1485 	 0.1452 
1.54 	 0.1488 	 0.1452 
1.55 	 0.1487 	 0.1451 
1.55 	 0.1476 	 0.1438 
1.55 	 0.1476 	 0.1442 
1.55 	 0.1470 	 0.1436 
1.55 	 0.1467 	 0.1435 
1.56 	 0.1469 	 0.1436 
1.56 	 0.1469 	 0.1436 
1.56 	 0.1476 	 0.1443 
1.56 	 0.1475 	 0.1441 
1.56 	 0.1476 	 0.1444 
1.57 	 0.1478 	 0.1445 
1.57 	 0.1474 	 0.1440 
1.57 	 0.1473 	 0.1441 
1.57 	 0.1473 	 0.1446 
1.57 	 0.1481 	 0.1455 
1.58 	 0.1475 	 0.1448 
1.58 	 0.1485 	 0.1458 
1.58 	 0.1477 	 0.1448 
1.58 	 0.1479 	 0.1452 
1.58 	 0.1490 	 0.1463 
1.59 	 0.1486 	 0.1457 
1.59 	 0.1495 	 0.1462 
1.59 	 0.1490 	 0.1458 
1.59 	 0.1490 	 0.1462 
1.59 	 0.1492 	 0.1463 
1.60 	 0.1494 	 0.1466 
1.60 	 0.1506 	 0.1475 
1.60 	 0.1502 	 0.1471 
1.60 	 0.1500 	 0.1471 
1.60 	 0.1502 	 0.1474 
1.61 	 0.1500 	 0.1473 
1.61 	 0.1506 	 0.1479 
1.61 	 0.1510 	 0.1483 
1.61 	 0.1516 	 0.1483 
1.61 	 0.1525 	 0.1492 
1.62 	 0.1524 	 0.1491 
1.62 	 0.1518 	 0.1485 
1.62 	 0.1518 	 0.1484 
1.62 	 0.1516 	 0.1480 
1.62 	 0.1519 	 0.1481 
1.63 	 0.1518 	 0.1476 
1.63 	 0.1516 	 0.1474 
1.63 	 0.1516 	 0.1475 
1.63 	 0.1517 	 0.1477 
1.63 	 0.1520 	 0.1482 
1.64 	 0.1517 	 0.1475 
1.64 	 0.1525 	 0.1484 
1.64 	 0.1521 	 0.1478 
1.64 	 0.1531 	 0.1484 
1.64 	 0.1526 	 0.1479 
1.65 	 0.1530 	 0.1487 
1.65 	 0.1525 	 0.1481 
1.65 	 0.1521 	 0.1479 
1.65 	 0.1523 	 0.1481 
1.65 	 0.1531 	 0.1486 
1.66 	 0.1535 	 0.1488 
1.66 	 0.1541 	 0.1490 
1.66 	 0.1542 	 0.1491 
1.66 	 0.1545 	 0.1494 
1.66 	 0.1529 	 0.1477 
1.67 	 0.1533 	 0.1475 
1.67 	 0.1539 	 0.1482 
1.67 	 0.1545 	 0.1486 
1.67 	 0.1540 	 0.1484 
1.67 	 0.1548 	 0.1489 
1.68 	 0.1545 	 0.1490 
1.68 	 0.1553 	 0.1496 
1.68 	 0.1552 	 0.1500 
1.68 	 0.1544 	 0.1492 
1.68 	 0.1544 	 0.1493 
1.69 	 0.1544 	 0.1491 
1.69 	 0.1543 	 0.1492 
1.69 	 0.1558 	 0.1507 
1.69 	 0.1553 	 0.1504 
1.69 	 0.1553 	 0.1502 
1.70 	 0.1554 	 0.1506 
1.70 	 0.1564 	 0.1514 
1.70 	 0.1567 	 0.1518 
1.70 	 0.1574 	 0.1528 
1.70 	 0.1580 	 0.1533 
1.71 	 0.1575 	 0.1527 
1.71 	 0.1574 	 0.1527 
1.71 	 0.1568 	 0.1525 
1.71 	 0.1566 	 0.1522 
1.71 	 0.1558 	 0.1515 
1.72 	 0.1547 	 0.1508 
1.72 	 0.1554 	 0.1516 
1.72 	 0.1554 	 0.1518 
1.72 	 0.1550 	 0.1512 
1.72 	 0.1551 	 0.1514 
1.73 	 0.1555 	 0.1520 
1.73 	 0.1554 	 0.1516 
1.73 	 0.1551 	 0.1512 
1.73 	 0.1567 	 0.1523 
1.73 	 0.1583 	 0.1533 
1.74 	 0.1588 	 0.1537 
1.74 	 0.1587 	 0.1537 
1.74 	 0.1595 	 0.1542 
1.74 	 0.1592 	 0.1541 
1.74 	 0.1598 	 0.1545 
1.75 	 0.1595 	 0.1541 
1.75 	 0.1596 	 0.1540 
1.75 	 0.1596 	 0.1541 
1.75 	 0.1594 	 0.1536 
1.75 	 0.1590 	 0.1532 
1.76 	 0.1601 	 0.1542 
1.76 	 0.1607 	 0.1547 
1.76 	 0.1617 	 0.1553 
1.76 	 0.1633 	 0.1566 
1.76 	 0.1634 	 0.1572 
1.77 	 0.1638 	 0.1582 
1.77 	 0.1645 	 0.1589 
1.77 	 0.1654 	 0.1595 
1.77 	 0.1655 	 0.1596 
1.77 	 0.1650 	 0.1591 
1.78 	 0.1656 	 0.1597 
1.78 	 0.1644 	 0.1588 
1.78 	 0.1646 	 0.1587 
1.78 	 0.1640 	 0.1582 
1.78 	 0.1636 	 0.1580 
1.79 	 0.1627 	 0.1572 
1.79 	 0.1631 	 0.1577 
1.79 	 0.1634 	 0.1580 
1.79 	 0.1642 	 0.1588 
1.79 	 0.1634 	 0.1579 
1.80 	 0.1641 	 0.1585 
1.80 	 0.1650 	 0.1593 
1.80 	 0.1649 	 0.1591 
1.80 	 0.1653 	 0.1598 
1.80 	 0.1649 	 0.1592 
1.81 	 0.1655 	 0.1600 
1.81 	 0.1662 	 0.1606 
1.81 	 0.1652 	 0.1595 
1.81 	 0.1654 	 0.1598 
1.81 	 0.1655 	 0.1596 
1.82 	 0.1663 	 0.1602 
1.82 	 0.1671 	 0.1612 
1.82 	 0.1671 	 0.1613 
1.82 	 0.1665 	 0.1605 
1.82 	 0.1668 	 0.1611 
1.83 	 0.1663 	 0.1604 
1.83 	 0.1659 	 0.1600 
1.83 	 0.1664 	 0.1602 
1.83 	 0.1662 	 0.1603 
1.83 	 0.1672 	 0.1612 
1.84 	 0.1679 	 0.1620 
1.84 	 0.1676 	 0.1621 
1.84 	 0.1676 	 0.1622 
1.84 	 0.1672 	 0.1620 
1.84 	 0.1674 	 0.1620 
1.85 	 0.1670 	 0.1617 
1.85 	 0.1659 	 0.1605 
1.85 	 0.1662 	 0.1608 
1.85 	 0.1667 	 0.1615 
1.85 	 0.1660 	 0.1610 
1.86 	 0.1672 	 0.1623 
1.86 	 0.1670 	 0.1623 
1.86 	 0.1669 	 0.1622 
1.86 	 0.1677 	 0.1627 
1.86 	 0.1668 	 0.1622 
1.87 	 0.1668 	 0.1621 
1.87 	 0.1672 	 0.1627 
1.87 	 0.1675 	 0.1629 
1.87 	 0.1684 	 0.1638 
1.87 	 0.1688 	 0.1639 
1.88 	 0.1686 	 0.1637 
1.88 	 0.1681 	 0.1634 
1.88 	 0.1681 	 0.1635 
1.88 	 0.1687 	 0.1640 
1.88 	 0.1681 	 0.1634 
1.89 	 0.1682 	 0.1634 
1.89 	 0.1685 	 0.1637 
1.89 	 0.1693 	 0.1643 
1.89 	 0.1686 	 0.1637 
1.89 	 0.1683 	 0.1635 
1.90 	 0.1684 	 0.1633 
1.90 	 0.1684 	 0.1631 
1.90 	 0.1688 	 0.1635 
1.90 	 0.1687 	 0.1638 
1.90 	 0.1693 	 0.1642 
1.91 	 0.1691 	 0.1642 
1.91 	 0.1699 	 0.1649 
1.91 	 0.1703 	 0.1651 
1.91 	 0.1706 	 0.1652 
1.91 	 0.1711 	 0.1655 
1.92 	 0.1714 	 0.1657 
1.92 	 0.1718 	 0.1665 
1.92 	 0.1708 	 0.1654 
1.92 	 0.1707 	 0.1654 
1.92 	 0.1699 	 0.1646 
1.93 	 0.1701 	 0.1646 
1.93 	 0.1711 	 0.1656 
1.93 	 0.1713 	 0.1662 
1.93 	 0.1707 	 0.1654 
1.93 	 0.1703 	 0.1650 
1.94 	 0.1696 	 0.1644 
1.94 	 0.1707 	 0.1656 
1.94 	 0.1708 	 0.1659 
1.94 	 0.1702 	 0.1653 
1.94 	 0.1706 	 0.1660 
1.95 	 0.1715 	 0.1673 
1.95 	 0.1720 	 0.1675 
1.95 	 0.1709 	 0.1664 
1.95 	 0.1718 	 0.1676 
1.95 	 0.1732 	 0.1687 
1.96 	 0.1732 	 0.1687 
1.96 	 0.1735 	 0.1688 
1.96 	 0.1728 	 0.1683 
1.96 	 0.1732 	 0.1685 
1.96 	 0.1732 	 0.1683 
1.97 	 0.1747 	 0.1693 
1.97 	 0.1753 	 0.1699 
1.97 	 0.1758 	 0.1705 
1.97 	 0.1763 	 0.1709 
1.97 	 0.1772 	 0.1714 
1.98 	 0.1781 	 0.1722 
1.98 	 0.1779 	 0.1719 
1.98 	 0.1781 	 0.1720 
1.98 	 0.1775 	 0.1720 
1.98 	 0.1767 	 0.1712 
1.99 	 0.1779 	 0.1722 
1.99 	 0.1785 	 0.1726 
1.99 	 0.1779 	 0.1722 
1.99 	 0.1784 	 0.1730 
1.99 	 0.1792 	 0.1738 
2.00 	 0.1800 	 0.1747 
2.00 	 0.1794 	 0.1743 
