# 	 time 	 original 	 transformed 
0.00 	 0.0000 	 0.0000 
0.00 	 -0.0000 	 -0.0000 
0.00 	 -0.0000 	 -0.0000 
0.01 	 0.0000 	 0.0000 
0.01 	 0.0000 	 0.0000 
0.01 	 0.0000 	 0.0000 
0.01 	 0.0000 	 0.0000 
0.01 	 0.0000 	 0.0000 
0.02 	 0.0000 	 0.0000 
0.02 	 0.0000 	 0.0000 
0.02 	 0.0000 	 0.0000 
0.02 	 0.0000 	 0.0000 
0.02 	 0.0000 	 0.0000 
0.03 	 0.0000 	 0.0000 
0.03 	 0.0000 	 0.0000 
0.03 	 0.0000 	 0.0000 
0.03 	 0.0000 	 0.0000 
0.03 	 0.0000 	 0.0000 
0.04 	 0.0000 	 0.0000 
0.04 	 0.0000 	 0.0000 
0.04 	 0.0000 	 0.0000 
0.04 	 0.0000 	 0.0000 
0.04 	 0.0000 	 0.0000 
0.05 	 0.0000 	 0.0000 
0.05 	 0.0001 	 0.0001 
0.05 	 0.0001 	 0.0001 
0.05 	 0.0001 	 0.0001 
0.05 	 0.0001 	 0.0001 
0.06 	 0.0000 	 0.0000 
0.06 	 0.0000 	 0.0001 
0.06 	 0.0000 	 0.0000 
0.06 	 0.0000 	 0.0000 
0.06 	 0.0001 	 0.0001 
0.07 	 0.0001 	 0.0001 
0.07 	 0.0001 	 0.0001 
0.07 	 0.0001 	 0.0001 
0.07 	 0.0001 	 0.0001 
0.07 	 0.0001 	 0.0001 
0.08 	 0.0001 	 0.0001 
0.08 	 0.0002 	 0.0002 
0.08 	 0.0002 	 0.0002 
0.08 	 0.0002 	 0.0002 
0.08 	 0.0002 	 0.0002 
0.09 	 0.0002 	 0.0002 
0.09 	 0.0002 	 0.0002 
0.09 	 0.0002 	 0.0002 
0.09 	 0.0002 	 0.0002 
0.09 	 0.0003 	 0.0002 
0.10 	 0.0003 	 0.0003 
0.10 	 0.0003 	 0.0003 
0.10 	 0.0003 	 0.0003 
0.10 	 0.0003 	 0.0003 
0.10 	 0.0003 	 0.0003 
0.11 	 0.0003 	 0.0003 
0.11 	 0.0003 	 0.0003 
0.11 	 0.0003 	 0.0003 
0.11 	 0.0003 	 0.0003 
0.11 	 0.0003 	 0.0003 
0.12 	 0.0003 	 0.0003 
0.12 	 0.0003 	 0.0003 
0.12 	 0.0003 	 0.0004 
0.12 	 0.0003 	 0.0003 
0.12 	 0.0004 	 0.0004 
0.13 	 0.0004 	 0.0004 
0.13 	 0.0004 	 0.0004 
0.13 	 0.0004 	 0.0004 
0.13 	 0.0004 	 0.0005 
0.13 	 0.0005 	 0.0005 
0.14 	 0.0005 	 0.0005 
0.14 	 0.0004 	 0.0004 
0.14 	 0.0005 	 0.0005 
0.14 	 0.0004 	 0.0004 
0.14 	 0.0004 	 0.0005 
0.15 	 0.0004 	 0.0004 
0.15 	 0.0005 	 0.0005 
0.15 	 0.0004 	 0.0004 
0.15 	 0.0005 	 0.0005 
0.15 	 0.0004 	 0.0004 
0.16 	 0.0005 	 0.0004 
0.16 	 0.0005 	 0.0005 
0.16 	 0.0005 	 0.0004 
0.16 	 0.0004 	 0.0004 
0.16 	 0.0004 	 0.0004 
0.17 	 0.0005 	 0.0005 
0.17 	 0.0005 	 0.0005 
0.17 	 0.0005 	 0.0005 
0.17 	 0.0005 	 0.0005 
0.17 	 0.0005 	 0.0005 
0.18 	 0.0005 	 0.0005 
0.18 	 0.0005 	 0.0005 
0.18 	 0.0005 	 0.0005 
0.18 	 0.0004 	 0.0005 
0.18 	 0.0004 	 0.0005 
0.19 	 0.0005 	 0.0005 
0.19 	 0.0005 	 0.0005 
0.19 	 0.0006 	 0.0006 
0.19 	 0.0007 	 0.0007 
0.19 	 0.0007 	 0.0007 
0.20 	 0.0007 	 0.0007 
0.20 	 0.0007 	 0.0007 
0.20 	 0.0007 	 0.0007 
0.20 	 0.0006 	 0.0007 
0.20 	 0.0007 	 0.0007 
0.21 	 0.0007 	 0.0007 
0.21 	 0.0008 	 0.0008 
0.21 	 0.0009 	 0.0009 
0.21 	 0.0009 	 0.0009 
0.21 	 0.0010 	 0.0010 
0.22 	 0.0010 	 0.0010 
0.22 	 0.0010 	 0.0010 
0.22 	 0.0010 	 0.0011 
0.22 	 0.0010 	 0.0011 
0.22 	 0.0010 	 0.0010 
0.23 	 0.0011 	 0.0012 
0.23 	 0.0011 	 0.0012 
0.23 	 0.0012 	 0.0012 
0.23 	 0.0012 	 0.0012 
0.23 	 0.0012 	 0.0013 
0.24 	 0.0012 	 0.0012 
0.24 	 0.0012 	 0.0013 
0.24 	 0.0011 	 0.0012 
0.24 	 0.0012 	 0.0012 
0.24 	 0.0012 	 0.0013 
0.25 	 0.0014 	 0.0014 
0.25 	 0.0014 	 0.0014 
0.25 	 0.0013 	 0.0014 
0.25 	 0.0013 	 0.0013 
0.25 	 0.0012 	 0.0013 
0.26 	 0.0013 	 0.0013 
0.26 	 0.0013 	 0.0014 
0.26 	 0.0013 	 0.0013 
0.26 	 0.0013 	 0.0013 
0.26 	 0.0013 	 0.0014 
0.27 	 0.0013 	 0.0013 
0.27 	 0.0014 	 0.0014 
0.27 	 0.0013 	 0.0014 
0.27 	 0.0013 	 0.0014 
0.27 	 0.0013 	 0.0014 
0.28 	 0.0014 	 0.0015 
0.28 	 0.0014 	 0.0015 
0.28 	 0.0015 	 0.0015 
0.28 	 0.0015 	 0.0015 
0.28 	 0.0015 	 0.0016 
0.29 	 0.0015 	 0.0016 
0.29 	 0.0016 	 0.0016 
0.29 	 0.0016 	 0.0017 
0.29 	 0.0018 	 0.0019 
0.29 	 0.0019 	 0.0020 
0.30 	 0.0018 	 0.0019 
0.30 	 0.0020 	 0.0021 
0.30 	 0.0020 	 0.0022 
0.30 	 0.0021 	 0.0022 
0.30 	 0.0022 	 0.0023 
0.31 	 0.0023 	 0.0024 
0.31 	 0.0024 	 0.0025 
0.31 	 0.0023 	 0.0024 
0.31 	 0.0024 	 0.0025 
0.31 	 0.0023 	 0.0024 
0.32 	 0.0023 	 0.0024 
0.32 	 0.0023 	 0.0023 
0.32 	 0.0023 	 0.0024 
0.32 	 0.0023 	 0.0024 
0.32 	 0.0024 	 0.0025 
0.33 	 0.0024 	 0.0025 
0.33 	 0.0023 	 0.0025 
0.33 	 0.0024 	 0.0026 
0.33 	 0.0025 	 0.0027 
0.33 	 0.0024 	 0.0025 
0.34 	 0.0024 	 0.0026 
0.34 	 0.0024 	 0.0026 
0.34 	 0.0024 	 0.0026 
0.34 	 0.0024 	 0.0025 
0.34 	 0.0024 	 0.0025 
0.35 	 0.0025 	 0.0027 
0.35 	 0.0024 	 0.0026 
0.35 	 0.0024 	 0.0026 
0.35 	 0.0025 	 0.0027 
0.35 	 0.0025 	 0.0027 
0.36 	 0.0025 	 0.0026 
0.36 	 0.0026 	 0.0027 
0.36 	 0.0026 	 0.0027 
0.36 	 0.0026 	 0.0028 
0.36 	 0.0026 	 0.0028 
0.37 	 0.0026 	 0.0029 
0.37 	 0.0026 	 0.0029 
0.37 	 0.0026 	 0.0029 
0.37 	 0.0027 	 0.0030 
0.37 	 0.0029 	 0.0031 
0.38 	 0.0029 	 0.0032 
0.38 	 0.0029 	 0.0031 
0.38 	 0.0031 	 0.0034 
0.38 	 0.0033 	 0.0035 
0.38 	 0.0032 	 0.0035 
0.39 	 0.0033 	 0.0036 
0.39 	 0.0033 	 0.0036 
0.39 	 0.0032 	 0.0035 
0.39 	 0.0033 	 0.0036 
0.39 	 0.0033 	 0.0037 
0.40 	 0.0031 	 0.0035 
0.40 	 0.0032 	 0.0036 
0.40 	 0.0033 	 0.0037 
0.40 	 0.0034 	 0.0038 
0.40 	 0.0036 	 0.0040 
0.41 	 0.0034 	 0.0039 
0.41 	 0.0036 	 0.0041 
0.41 	 0.0036 	 0.0041 
0.41 	 0.0037 	 0.0042 
0.41 	 0.0037 	 0.0042 
0.42 	 0.0039 	 0.0045 
0.42 	 0.0040 	 0.0045 
0.42 	 0.0040 	 0.0045 
0.42 	 0.0040 	 0.0045 
0.42 	 0.0041 	 0.0045 
0.43 	 0.0041 	 0.0045 
0.43 	 0.0039 	 0.0043 
0.43 	 0.0038 	 0.0042 
0.43 	 0.0041 	 0.0045 
0.43 	 0.0040 	 0.0044 
0.44 	 0.0041 	 0.0046 
0.44 	 0.0040 	 0.0045 
0.44 	 0.0042 	 0.0047 
0.44 	 0.0041 	 0.0045 
0.44 	 0.0042 	 0.0047 
0.45 	 0.0043 	 0.0048 
0.45 	 0.0045 	 0.0048 
0.45 	 0.0046 	 0.0050 
0.45 	 0.0049 	 0.0051 
0.45 	 0.0049 	 0.0052 
0.46 	 0.0048 	 0.0052 
0.46 	 0.0050 	 0.0053 
0.46 	 0.0049 	 0.0053 
0.46 	 0.0050 	 0.0054 
0.46 	 0.0053 	 0.0058 
0.47 	 0.0053 	 0.0057 
0.47 	 0.0055 	 0.0059 
0.47 	 0.0055 	 0.0059 
0.47 	 0.0055 	 0.0060 
0.47 	 0.0055 	 0.0061 
0.48 	 0.0056 	 0.0061 
0.48 	 0.0058 	 0.0064 
0.48 	 0.0058 	 0.0063 
0.48 	 0.0056 	 0.0062 
0.48 	 0.0056 	 0.0062 
0.49 	 0.0057 	 0.0062 
0.49 	 0.0060 	 0.0063 
0.49 	 0.0060 	 0.0064 
0.49 	 0.0060 	 0.0064 
0.49 	 0.0060 	 0.0063 
0.50 	 0.0059 	 0.0061 
0.50 	 0.0058 	 0.0061 
0.50 	 0.0059 	 0.0062 
0.50 	 0.0060 	 0.0063 
0.50 	 0.0060 	 0.0063 
0.51 	 0.0062 	 0.0065 
0.51 	 0.0061 	 0.0065 
0.51 	 0.0061 	 0.0065 
0.51 	 0.0061 	 0.0065 
0.51 	 0.0060 	 0.0063 
0.52 	 0.0060 	 0.0064 
0.52 	 0.0060 	 0.0064 
0.52 	 0.0060 	 0.0065 
0.52 	 0.0060 	 0.0065 
0.52 	 0.0061 	 0.0065 
0.53 	 0.0063 	 0.0068 
0.53 	 0.0060 	 0.0066 
0.53 	 0.0064 	 0.0069 
0.53 	 0.0065 	 0.0070 
0.53 	 0.0065 	 0.0069 
0.54 	 0.0066 	 0.0070 
0.54 	 0.0067 	 0.0071 
0.54 	 0.0066 	 0.0071 
0.54 	 0.0068 	 0.0072 
0.54 	 0.0065 	 0.0070 
0.55 	 0.0066 	 0.0070 
0.55 	 0.0069 	 0.0073 
0.55 	 0.0067 	 0.0070 
0.55 	 0.0065 	 0.0069 
0.55 	 0.0063 	 0.0068 
0.56 	 0.0064 	 0.0070 
0.56 	 0.0065 	 0.0071 
0.56 	 0.0063 	 0.0069 
0.56 	 0.0064 	 0.0069 
0.56 	 0.0063 	 0.0068 
0.57 	 0.0064 	 0.0069 
0.57 	 0.0067 	 0.0072 
0.57 	 0.0067 	 0.0073 
0.57 	 0.0068 	 0.0072 
0.57 	 0.0070 	 0.0073 
0.58 	 0.0071 	 0.0075 
0.58 	 0.0071 	 0.0075 
0.58 	 0.0071 	 0.0076 
0.58 	 0.0072 	 0.0077 
0.58 	 0.0073 	 0.0077 
0.59 	 0.0072 	 0.0076 
0.59 	 0.0073 	 0.0077 
0.59 	 0.0075 	 0.0078 
0.59 	 0.0078 	 0.0081 
0.59 	 0.0081 	 0.0083 
0.60 	 0.0081 	 0.0083 
0.60 	 0.0082 	 0.0084 
0.60 	 0.0080 	 0.0082 
0.60 	 0.0077 	 0.0080 
0.60 	 0.0078 	 0.0080 
0.61 	 0.0077 	 0.0079 
0.61 	 0.0077 	 0.0079 
0.61 	 0.0079 	 0.0081 
0.61 	 0.0082 	 0.0085 
0.61 	 0.0081 	 0.0082 
0.62 	 0.0084 	 0.0083 
0.62 	 0.0086 	 0.0084 
0.62 	 0.0089 	 0.0087 
0.62 	 0.0090 	 0.0088 
0.62 	 0.0091 	 0.0087 
0.63 	 0.0091 	 0.0089 
0.63 	 0.0091 	 0.0089 
0.63 	 0.0091 	 0.0089 
0.63 	 0.0093 	 0.0090 
0.63 	 0.0096 	 0.0091 
0.64 	 0.0096 	 0.0091 
0.64 	 0.0097 	 0.0092 
0.64 	 0.0099 	 0.0092 
0.64 	 0.0097 	 0.0091 
0.64 	 0.0095 	 0.0090 
0.65 	 0.0093 	 0.0088 
0.65 	 0.0097 	 0.0091 
0.65 	 0.0098 	 0.0092 
0.65 	 0.0097 	 0.0091 
0.65 	 0.0095 	 0.0090 
0.66 	 0.0092 	 0.0086 
0.66 	 0.0091 	 0.0086 
0.66 	 0.0092 	 0.0085 
0.66 	 0.0092 	 0.0085 
0.66 	 0.0094 	 0.0086 
0.67 	 0.0092 	 0.0085 
0.67 	 0.0098 	 0.0090 
0.67 	 0.0097 	 0.0089 
0.67 	 0.0096 	 0.0088 
0.67 	 0.0093 	 0.0085 
0.68 	 0.0092 	 0.0083 
0.68 	 0.0094 	 0.0084 
0.68 	 0.0094 	 0.0085 
0.68 	 0.0095 	 0.0084 
0.68 	 0.0094 	 0.0083 
0.69 	 0.0096 	 0.0084 
0.69 	 0.0096 	 0.0084 
0.69 	 0.0095 	 0.0083 
0.69 	 0.0096 	 0.0084 
0.69 	 0.0099 	 0.0085 
0.70 	 0.0102 	 0.0088 
0.70 	 0.0104 	 0.0088 
0.70 	 0.0103 	 0.0089 
0.70 	 0.0103 	 0.0090 
0.70 	 0.0104 	 0.0090 
0.71 	 0.0105 	 0.0091 
0.71 	 0.0107 	 0.0093 
0.71 	 0.0109 	 0.0094 
0.71 	 0.0111 	 0.0095 
0.71 	 0.0110 	 0.0096 
0.72 	 0.0108 	 0.0095 
0.72 	 0.0108 	 0.0093 
0.72 	 0.0106 	 0.0093 
0.72 	 0.0106 	 0.0093 
0.72 	 0.0110 	 0.0095 
0.73 	 0.0111 	 0.0097 
0.73 	 0.0110 	 0.0096 
0.73 	 0.0111 	 0.0096 
0.73 	 0.0110 	 0.0097 
0.73 	 0.0113 	 0.0099 
0.74 	 0.0113 	 0.0098 
0.74 	 0.0110 	 0.0098 
0.74 	 0.0113 	 0.0100 
0.74 	 0.0115 	 0.0103 
0.74 	 0.0115 	 0.0103 
0.75 	 0.0114 	 0.0101 
0.75 	 0.0114 	 0.0102 
0.75 	 0.0114 	 0.0101 
0.75 	 0.0112 	 0.0098 
0.75 	 0.0113 	 0.0100 
0.76 	 0.0115 	 0.0102 
0.76 	 0.0116 	 0.0103 
0.76 	 0.0120 	 0.0106 
0.76 	 0.0121 	 0.0106 
0.76 	 0.0123 	 0.0107 
0.77 	 0.0124 	 0.0107 
0.77 	 0.0125 	 0.0109 
0.77 	 0.0126 	 0.0110 
0.77 	 0.0128 	 0.0113 
0.77 	 0.0128 	 0.0113 
0.78 	 0.0128 	 0.0112 
0.78 	 0.0130 	 0.0116 
0.78 	 0.0135 	 0.0119 
0.78 	 0.0134 	 0.0119 
0.78 	 0.0135 	 0.0120 
0.79 	 0.0138 	 0.0123 
0.79 	 0.0139 	 0.0124 
0.79 	 0.0141 	 0.0124 
0.79 	 0.0142 	 0.0124 
0.79 	 0.0144 	 0.0124 
0.80 	 0.0143 	 0.0124 
0.80 	 0.0146 	 0.0126 
0.80 	 0.0146 	 0.0125 
0.80 	 0.0147 	 0.0125 
0.80 	 0.0147 	 0.0125 
0.81 	 0.0147 	 0.0128 
0.81 	 0.0142 	 0.0122 
0.81 	 0.0138 	 0.0119 
0.81 	 0.0139 	 0.0119 
0.81 	 0.0134 	 0.0116 
0.82 	 0.0133 	 0.0116 
0.82 	 0.0132 	 0.0116 
0.82 	 0.0133 	 0.0116 
0.82 	 0.0137 	 0.0118 
0.82 	 0.0140 	 0.0119 
0.83 	 0.0143 	 0.0120 
0.83 	 0.0145 	 0.0122 
0.83 	 0.0145 	 0.0123 
0.83 	 0.0140 	 0.0119 
0.83 	 0.0143 	 0.0122 
0.84 	 0.0141 	 0.0121 
0.84 	 0.0138 	 0.0119 
0.84 	 0.0140 	 0.0120 
0.84 	 0.0138 	 0.0121 
0.84 	 0.0138 	 0.0119 
0.85 	 0.0136 	 0.0119 
0.85 	 0.0140 	 0.0122 
0.85 	 0.0143 	 0.0126 
0.85 	 0.0150 	 0.0131 
0.85 	 0.0152 	 0.0134 
0.86 	 0.0152 	 0.0134 
0.86 	 0.0153 	 0.0135 
0.86 	 0.0151 	 0.0134 
0.86 	 0.0158 	 0.0139 
0.86 	 0.0154 	 0.0139 
0.87 	 0.0155 	 0.0139 
0.87 	 0.0156 	 0.0141 
0.87 	 0.0157 	 0.0141 
0.87 	 0.0155 	 0.0140 
0.87 	 0.0152 	 0.0139 
0.88 	 0.0155 	 0.0141 
0.88 	 0.0157 	 0.0143 
0.88 	 0.0167 	 0.0151 
0.88 	 0.0171 	 0.0155 
0.88 	 0.0170 	 0.0154 
0.89 	 0.0169 	 0.0153 
0.89 	 0.0169 	 0.0154 
0.89 	 0.0170 	 0.0155 
0.89 	 0.0172 	 0.0157 
0.89 	 0.0172 	 0.0159 
0.90 	 0.0174 	 0.0161 
0.90 	 0.0177 	 0.0164 
0.90 	 0.0179 	 0.0167 
0.90 	 0.0180 	 0.0169 
0.90 	 0.0182 	 0.0172 
0.91 	 0.0189 	 0.0178 
0.91 	 0.0190 	 0.0181 
0.91 	 0.0188 	 0.0179 
0.91 	 0.0188 	 0.0180 
0.91 	 0.0189 	 0.0181 
0.92 	 0.0189 	 0.0179 
0.92 	 0.0191 	 0.0182 
0.92 	 0.0193 	 0.0183 
0.92 	 0.0198 	 0.0187 
0.92 	 0.0201 	 0.0188 
0.93 	 0.0200 	 0.0187 
0.93 	 0.0205 	 0.0190 
0.93 	 0.0199 	 0.0188 
0.93 	 0.0201 	 0.0191 
0.93 	 0.0199 	 0.0190 
0.94 	 0.0201 	 0.0192 
0.94 	 0.0202 	 0.0190 
0.94 	 0.0203 	 0.0193 
0.94 	 0.0208 	 0.0197 
0.94 	 0.0214 	 0.0202 
0.95 	 0.0219 	 0.0205 
0.95 	 0.0217 	 0.0202 
0.95 	 0.0219 	 0.0206 
0.95 	 0.0219 	 0.0208 
0.95 	 0.0219 	 0.0208 
0.96 	 0.0218 	 0.0205 
0.96 	 0.0219 	 0.0206 
0.96 	 0.0222 	 0.0210 
0.96 	 0.0223 	 0.0209 
0.96 	 0.0219 	 0.0209 
0.97 	 0.0215 	 0.0206 
0.97 	 0.0214 	 0.0204 
0.97 	 0.0219 	 0.0209 
0.97 	 0.0214 	 0.0207 
0.97 	 0.0216 	 0.0209 
0.98 	 0.0215 	 0.0209 
0.98 	 0.0220 	 0.0215 
0.98 	 0.0220 	 0.0215 
0.98 	 0.0221 	 0.0218 
0.98 	 0.0226 	 0.0224 
0.99 	 0.0230 	 0.0224 
0.99 	 0.0235 	 0.0228 
0.99 	 0.0232 	 0.0226 
0.99 	 0.0234 	 0.0227 
0.99 	 0.0235 	 0.0228 
1.00 	 0.0235 	 0.0229 
1.00 	 0.0235 	 0.0229 
1.00 	 0.0238 	 0.0232 
1.00 	 0.0240 	 0.0233 
1.00 	 0.0238 	 0.0232 
1.01 	 0.0238 	 0.0232 
1.01 	 0.0239 	 0.0233 
1.01 	 0.0239 	 0.0232 
1.01 	 0.0243 	 0.0235 
1.01 	 0.0246 	 0.0237 
1.02 	 0.0245 	 0.0236 
1.02 	 0.0245 	 0.0235 
1.02 	 0.0242 	 0.0233 
1.02 	 0.0246 	 0.0236 
1.02 	 0.0250 	 0.0240 
1.03 	 0.0253 	 0.0242 
1.03 	 0.0256 	 0.0245 
1.03 	 0.0258 	 0.0246 
1.03 	 0.0257 	 0.0247 
1.03 	 0.0257 	 0.0247 
1.04 	 0.0254 	 0.0244 
1.04 	 0.0259 	 0.0246 
1.04 	 0.0259 	 0.0250 
1.04 	 0.0255 	 0.0249 
1.04 	 0.0249 	 0.0244 
1.05 	 0.0248 	 0.0245 
1.05 	 0.0248 	 0.0245 
1.05 	 0.0257 	 0.0249 
1.05 	 0.0263 	 0.0251 
1.05 	 0.0265 	 0.0253 
1.06 	 0.0268 	 0.0254 
1.06 	 0.0268 	 0.0255 
1.06 	 0.0277 	 0.0261 
1.06 	 0.0280 	 0.0263 
1.06 	 0.0283 	 0.0265 
1.07 	 0.0287 	 0.0266 
1.07 	 0.0288 	 0.0267 
1.07 	 0.0288 	 0.0269 
1.07 	 0.0287 	 0.0266 
1.07 	 0.0287 	 0.0262 
1.08 	 0.0291 	 0.0265 
1.08 	 0.0286 	 0.0261 
1.08 	 0.0288 	 0.0262 
1.08 	 0.0288 	 0.0263 
1.08 	 0.0292 	 0.0265 
1.09 	 0.0297 	 0.0268 
1.09 	 0.0300 	 0.0271 
1.09 	 0.0305 	 0.0274 
1.09 	 0.0309 	 0.0277 
1.09 	 0.0309 	 0.0276 
1.10 	 0.0312 	 0.0278 
1.10 	 0.0312 	 0.0282 
1.10 	 0.0319 	 0.0285 
1.10 	 0.0324 	 0.0287 
1.10 	 0.0332 	 0.0296 
1.11 	 0.0336 	 0.0298 
1.11 	 0.0336 	 0.0297 
1.11 	 0.0337 	 0.0298 
1.11 	 0.0338 	 0.0295 
1.11 	 0.0346 	 0.0297 
1.12 	 0.0351 	 0.0299 
1.12 	 0.0355 	 0.0306 
1.12 	 0.0365 	 0.0310 
1.12 	 0.0370 	 0.0316 
1.12 	 0.0369 	 0.0315 
1.13 	 0.0372 	 0.0317 
1.13 	 0.0376 	 0.0317 
1.13 	 0.0373 	 0.0315 
1.13 	 0.0369 	 0.0313 
1.13 	 0.0371 	 0.0313 
1.14 	 0.0369 	 0.0313 
1.14 	 0.0368 	 0.0312 
1.14 	 0.0367 	 0.0310 
1.14 	 0.0364 	 0.0308 
1.14 	 0.0360 	 0.0311 
1.15 	 0.0357 	 0.0312 
1.15 	 0.0364 	 0.0317 
1.15 	 0.0368 	 0.0319 
1.15 	 0.0362 	 0.0316 
1.15 	 0.0359 	 0.0315 
1.16 	 0.0367 	 0.0321 
1.16 	 0.0378 	 0.0326 
1.16 	 0.0382 	 0.0328 
1.16 	 0.0384 	 0.0331 
1.16 	 0.0377 	 0.0329 
1.17 	 0.0384 	 0.0332 
1.17 	 0.0381 	 0.0331 
1.17 	 0.0390 	 0.0337 
1.17 	 0.0384 	 0.0335 
1.17 	 0.0386 	 0.0339 
1.18 	 0.0384 	 0.0336 
1.18 	 0.0381 	 0.0336 
1.18 	 0.0387 	 0.0341 
1.18 	 0.0389 	 0.0340 
1.18 	 0.0388 	 0.0341 
1.19 	 0.0401 	 0.0347 
1.19 	 0.0400 	 0.0343 
1.19 	 0.0403 	 0.0345 
1.19 	 0.0400 	 0.0344 
1.19 	 0.0398 	 0.0343 
1.20 	 0.0405 	 0.0347 
1.20 	 0.0402 	 0.0345 
1.20 	 0.0403 	 0.0344 
1.20 	 0.0413 	 0.0352 
1.20 	 0.0413 	 0.0352 
1.21 	 0.0417 	 0.0353 
1.21 	 0.0420 	 0.0352 
1.21 	 0.0406 	 0.0347 
1.21 	 0.0411 	 0.0351 
1.21 	 0.0404 	 0.0342 
1.22 	 0.0408 	 0.0344 
1.22 	 0.0411 	 0.0344 
1.22 	 0.0409 	 0.0342 
1.22 	 0.0408 	 0.0343 
1.22 	 0.0403 	 0.0339 
1.23 	 0.0398 	 0.0337 
1.23 	 0.0392 	 0.0341 
1.23 	 0.0392 	 0.0343 
1.23 	 0.0394 	 0.0341 
1.23 	 0.0401 	 0.0342 
1.24 	 0.0395 	 0.0340 
1.24 	 0.0395 	 0.0344 
1.24 	 0.0393 	 0.0341 
1.24 	 0.0387 	 0.0338 
1.24 	 0.0377 	 0.0332 
1.25 	 0.0369 	 0.0323 
1.25 	 0.0365 	 0.0322 
1.25 	 0.0367 	 0.0323 
1.25 	 0.0367 	 0.0323 
1.25 	 0.0372 	 0.0328 
1.26 	 0.0379 	 0.0330 
1.26 	 0.0381 	 0.0332 
1.26 	 0.0378 	 0.0329 
1.26 	 0.0386 	 0.0335 
1.26 	 0.0385 	 0.0332 
1.27 	 0.0387 	 0.0335 
1.27 	 0.0393 	 0.0336 
1.27 	 0.0383 	 0.0330 
1.27 	 0.0391 	 0.0335 
1.27 	 0.0404 	 0.0344 
1.28 	 0.0403 	 0.0344 
1.28 	 0.0410 	 0.0349 
1.28 	 0.0415 	 0.0354 
1.28 	 0.0418 	 0.0355 
1.28 	 0.0421 	 0.0356 
1.29 	 0.0425 	 0.0360 
1.29 	 0.0433 	 0.0363 
1.29 	 0.0442 	 0.0368 
1.29 	 0.0446 	 0.0372 
1.29 	 0.0434 	 0.0368 
1.30 	 0.0436 	 0.0371 
1.30 	 0.0437 	 0.0372 
1.30 	 0.0451 	 0.0379 
1.30 	 0.0451 	 0.0379 
1.30 	 0.0460 	 0.0382 
1.31 	 0.0458 	 0.0382 
1.31 	 0.0468 	 0.0389 
1.31 	 0.0472 	 0.0392 
1.31 	 0.0474 	 0.0395 
1.31 	 0.0484 	 0.0401 
1.32 	 0.0495 	 0.0407 
1.32 	 0.0500 	 0.0410 
1.32 	 0.0509 	 0.0419 
1.32 	 0.0511 	 0.0421 
1.32 	 0.0519 	 0.0419 
1.33 	 0.0510 	 0.0421 
1.33 	 0.0505 	 0.0418 
1.33 	 0.0493 	 0.0410 
1.33 	 0.0488 	 0.0403 
1.33 	 0.0493 	 0.0407 
1.34 	 0.0496 	 0.0405 
1.34 	 0.0505 	 0.0412 
1.34 	 0.0514 	 0.0417 
1.34 	 0.0513 	 0.0416 
1.34 	 0.0494 	 0.0403 
1.35 	 0.0499 	 0.0410 
1.35 	 0.0491 	 0.0406 
1.35 	 0.0488 	 0.0405 
1.35 	 0.0495 	 0.0412 
1.35 	 0.0500 	 0.0416 
1.36 	 0.0501 	 0.0416 
1.36 	 0.0497 	 0.0417 
1.36 	 0.0498 	 0.0419 
1.36 	 0.0494 	 0.0418 
1.36 	 0.0516 	 0.0428 
1.37 	 0.0523 	 0.0425 
1.37 	 0.0522 	 0.0425 
1.37 	 0.0527 	 0.0427 
1.37 	 0.0524 	 0.0425 
1.37 	 0.0523 	 0.0429 
1.38 	 0.0519 	 0.0424 
1.38 	 0.0518 	 0.0417 
1.38 	 0.0518 	 0.0416 
1.38 	 0.0525 	 0.0421 
1.38 	 0.0529 	 0.0424 
1.39 	 0.0533 	 0.0426 
1.39 	 0.0534 	 0.0432 
1.39 	 0.0540 	 0.0435 
1.39 	 0.0542 	 0.0435 
1.39 	 0.0546 	 0.0436 
1.40 	 0.0560 	 0.0447 
1.40 	 0.0558 	 0.0449 
1.40 	 0.0551 	 0.0442 
1.40 	 0.0550 	 0.0443 
1.40 	 0.0557 	 0.0446 
1.41 	 0.0555 	 0.0444 
1.41 	 0.0559 	 0.0450 
1.41 	 0.0566 	 0.0454 
1.41 	 0.0573 	 0.0459 
1.41 	 0.0578 	 0.0458 
1.42 	 0.0577 	 0.0459 
1.42 	 0.0580 	 0.0458 
1.42 	 0.0566 	 0.0454 
1.42 	 0.0570 	 0.0451 
1.42 	 0.0576 	 0.0454 
1.43 	 0.0576 	 0.0456 
1.43 	 0.0589 	 0.0461 
1.43 	 0.0585 	 0.0462 
1.43 	 0.0574 	 0.0456 
1.43 	 0.0577 	 0.0454 
1.44 	 0.0574 	 0.0452 
1.44 	 0.0561 	 0.0448 
1.44 	 0.0557 	 0.0445 
1.44 	 0.0558 	 0.0445 
1.44 	 0.0548 	 0.0441 
1.45 	 0.0549 	 0.0437 
1.45 	 0.0541 	 0.0439 
1.45 	 0.0557 	 0.0445 
1.45 	 0.0558 	 0.0442 
1.45 	 0.0562 	 0.0447 
1.46 	 0.0573 	 0.0452 
1.46 	 0.0567 	 0.0447 
1.46 	 0.0574 	 0.0447 
1.46 	 0.0578 	 0.0450 
1.46 	 0.0582 	 0.0458 
1.47 	 0.0582 	 0.0454 
1.47 	 0.0590 	 0.0457 
1.47 	 0.0602 	 0.0457 
1.47 	 0.0610 	 0.0469 
1.47 	 0.0615 	 0.0470 
1.48 	 0.0619 	 0.0468 
1.48 	 0.0628 	 0.0469 
1.48 	 0.0615 	 0.0466 
1.48 	 0.0619 	 0.0470 
1.48 	 0.0610 	 0.0466 
1.49 	 0.0611 	 0.0465 
1.49 	 0.0624 	 0.0470 
1.49 	 0.0628 	 0.0471 
1.49 	 0.0624 	 0.0470 
1.49 	 0.0622 	 0.0470 
1.50 	 0.0609 	 0.0467 
1.50 	 0.0604 	 0.0472 
1.50 	 0.0609 	 0.0482 
1.50 	 0.0600 	 0.0475 
1.50 	 0.0614 	 0.0474 
1.51 	 0.0621 	 0.0476 
1.51 	 0.0619 	 0.0476 
1.51 	 0.0609 	 0.0475 
1.51 	 0.0617 	 0.0481 
1.51 	 0.0614 	 0.0482 
1.52 	 0.0612 	 0.0479 
1.52 	 0.0624 	 0.0488 
1.52 	 0.0625 	 0.0488 
1.52 	 0.0626 	 0.0487 
1.52 	 0.0633 	 0.0494 
1.53 	 0.0647 	 0.0500 
1.53 	 0.0639 	 0.0495 
1.53 	 0.0639 	 0.0497 
1.53 	 0.0650 	 0.0500 
1.53 	 0.0647 	 0.0500 
1.54 	 0.0653 	 0.0507 
1.54 	 0.0655 	 0.0511 
1.54 	 0.0669 	 0.0515 
1.54 	 0.0661 	 0.0507 
1.54 	 0.0663 	 0.0507 
1.55 	 0.0662 	 0.0509 
1.55 	 0.0643 	 0.0505 
1.55 	 0.0641 	 0.0503 
1.55 	 0.0637 	 0.0496 
1.55 	 0.0638 	 0.0502 
1.56 	 0.0644 	 0.0500 
1.56 	 0.0646 	 0.0501 
1.56 	 0.0655 	 0.0503 
1.56 	 0.0658 	 0.0503 
1.56 	 0.0662 	 0.0500 
1.57 	 0.0660 	 0.0502 
1.57 	 0.0646 	 0.0496 
1.57 	 0.0643 	 0.0492 
1.57 	 0.0645 	 0.0490 
1.57 	 0.0646 	 0.0493 
1.58 	 0.0638 	 0.0492 
1.58 	 0.0646 	 0.0496 
1.58 	 0.0637 	 0.0493 
1.58 	 0.0627 	 0.0494 
1.58 	 0.0642 	 0.0501 
1.59 	 0.0641 	 0.0501 
1.59 	 0.0655 	 0.0507 
1.59 	 0.0648 	 0.0503 
1.59 	 0.0642 	 0.0499 
1.59 	 0.0645 	 0.0507 
1.60 	 0.0654 	 0.0503 
1.60 	 0.0676 	 0.0511 
1.60 	 0.0674 	 0.0516 
1.60 	 0.0667 	 0.0515 
1.60 	 0.0675 	 0.0516 
1.61 	 0.0676 	 0.0516 
1.61 	 0.0686 	 0.0515 
1.61 	 0.0687 	 0.0515 
1.61 	 0.0694 	 0.0521 
1.61 	 0.0702 	 0.0522 
1.62 	 0.0702 	 0.0519 
1.62 	 0.0685 	 0.0520 
1.62 	 0.0685 	 0.0520 
1.62 	 0.0679 	 0.0524 
1.62 	 0.0678 	 0.0522 
1.63 	 0.0676 	 0.0521 
1.63 	 0.0678 	 0.0516 
1.63 	 0.0677 	 0.0513 
1.63 	 0.0673 	 0.0513 
1.63 	 0.0670 	 0.0512 
1.64 	 0.0669 	 0.0511 
1.64 	 0.0678 	 0.0515 
1.64 	 0.0665 	 0.0518 
1.64 	 0.0675 	 0.0524 
1.64 	 0.0667 	 0.0521 
1.65 	 0.0674 	 0.0522 
1.65 	 0.0667 	 0.0525 
1.65 	 0.0662 	 0.0514 
1.65 	 0.0669 	 0.0515 
1.65 	 0.0674 	 0.0521 
1.66 	 0.0677 	 0.0522 
1.66 	 0.0684 	 0.0523 
1.66 	 0.0683 	 0.0527 
1.66 	 0.0697 	 0.0532 
1.66 	 0.0680 	 0.0520 
1.67 	 0.0684 	 0.0524 
1.67 	 0.0688 	 0.0525 
1.67 	 0.0697 	 0.0529 
1.67 	 0.0681 	 0.0526 
1.67 	 0.0690 	 0.0527 
1.68 	 0.0686 	 0.0524 
1.68 	 0.0696 	 0.0531 
1.68 	 0.0684 	 0.0528 
1.68 	 0.0683 	 0.0527 
1.68 	 0.0680 	 0.0532 
1.69 	 0.0681 	 0.0531 
1.69 	 0.0669 	 0.0523 
1.69 	 0.0687 	 0.0530 
1.69 	 0.0677 	 0.0528 
1.69 	 0.0679 	 0.0532 
1.70 	 0.0686 	 0.0534 
1.70 	 0.0701 	 0.0538 
1.70 	 0.0708 	 0.0541 
1.70 	 0.0725 	 0.0546 
1.70 	 0.0742 	 0.0551 
1.71 	 0.0726 	 0.0548 
1.71 	 0.0714 	 0.0546 
1.71 	 0.0701 	 0.0533 
1.71 	 0.0699 	 0.0532 
1.71 	 0.0691 	 0.0528 
1.72 	 0.0674 	 0.0516 
1.72 	 0.0686 	 0.0521 
1.72 	 0.0696 	 0.0526 
1.72 	 0.0688 	 0.0527 
1.72 	 0.0695 	 0.0527 
1.73 	 0.0698 	 0.0531 
1.73 	 0.0695 	 0.0532 
1.73 	 0.0690 	 0.0533 
1.73 	 0.0711 	 0.0548 
1.73 	 0.0736 	 0.0557 
1.74 	 0.0750 	 0.0560 
1.74 	 0.0743 	 0.0558 
1.74 	 0.0751 	 0.0561 
1.74 	 0.0741 	 0.0559 
1.74 	 0.0750 	 0.0564 
1.75 	 0.0748 	 0.0560 
1.75 	 0.0749 	 0.0560 
1.75 	 0.0739 	 0.0559 
1.75 	 0.0738 	 0.0554 
1.75 	 0.0726 	 0.0551 
1.76 	 0.0743 	 0.0561 
1.76 	 0.0747 	 0.0565 
1.76 	 0.0747 	 0.0572 
1.76 	 0.0761 	 0.0581 
1.76 	 0.0760 	 0.0578 
1.77 	 0.0766 	 0.0580 
1.77 	 0.0770 	 0.0583 
1.77 	 0.0779 	 0.0587 
1.77 	 0.0782 	 0.0584 
1.77 	 0.0777 	 0.0584 
1.78 	 0.0799 	 0.0585 
1.78 	 0.0778 	 0.0581 
1.78 	 0.0772 	 0.0586 
1.78 	 0.0757 	 0.0581 
1.78 	 0.0760 	 0.0579 
1.79 	 0.0742 	 0.0574 
1.79 	 0.0750 	 0.0578 
1.79 	 0.0757 	 0.0578 
1.79 	 0.0770 	 0.0580 
1.79 	 0.0749 	 0.0576 
1.80 	 0.0755 	 0.0576 
1.80 	 0.0766 	 0.0582 
1.80 	 0.0764 	 0.0582 
1.80 	 0.0758 	 0.0580 
1.80 	 0.0746 	 0.0576 
1.81 	 0.0743 	 0.0575 
1.81 	 0.0760 	 0.0586 
1.81 	 0.0746 	 0.0579 
1.81 	 0.0760 	 0.0580 
1.81 	 0.0756 	 0.0586 
1.82 	 0.0766 	 0.0586 
1.82 	 0.0780 	 0.0586 
1.82 	 0.0774 	 0.0583 
1.82 	 0.0765 	 0.0578 
1.82 	 0.0767 	 0.0581 
1.83 	 0.0751 	 0.0581 
1.83 	 0.0743 	 0.0579 
1.83 	 0.0749 	 0.0579 
1.83 	 0.0759 	 0.0583 
1.83 	 0.0773 	 0.0595 
1.84 	 0.0775 	 0.0593 
1.84 	 0.0770 	 0.0589 
1.84 	 0.0763 	 0.0584 
1.84 	 0.0754 	 0.0579 
1.84 	 0.0758 	 0.0579 
1.85 	 0.0749 	 0.0574 
1.85 	 0.0727 	 0.0556 
1.85 	 0.0732 	 0.0561 
1.85 	 0.0735 	 0.0565 
1.85 	 0.0728 	 0.0563 
1.86 	 0.0748 	 0.0575 
1.86 	 0.0748 	 0.0571 
1.86 	 0.0750 	 0.0568 
1.86 	 0.0764 	 0.0574 
1.86 	 0.0743 	 0.0567 
1.87 	 0.0739 	 0.0563 
1.87 	 0.0749 	 0.0561 
1.87 	 0.0759 	 0.0563 
1.87 	 0.0772 	 0.0570 
1.87 	 0.0771 	 0.0566 
1.88 	 0.0779 	 0.0569 
1.88 	 0.0765 	 0.0573 
1.88 	 0.0766 	 0.0570 
1.88 	 0.0771 	 0.0574 
1.88 	 0.0757 	 0.0568 
1.89 	 0.0752 	 0.0561 
1.89 	 0.0755 	 0.0563 
1.89 	 0.0767 	 0.0565 
1.89 	 0.0756 	 0.0567 
1.89 	 0.0749 	 0.0564 
1.90 	 0.0745 	 0.0561 
1.90 	 0.0738 	 0.0560 
1.90 	 0.0747 	 0.0570 
1.90 	 0.0755 	 0.0568 
1.90 	 0.0758 	 0.0572 
1.91 	 0.0755 	 0.0574 
1.91 	 0.0770 	 0.0586 
1.91 	 0.0777 	 0.0593 
1.91 	 0.0788 	 0.0594 
1.91 	 0.0798 	 0.0600 
1.92 	 0.0799 	 0.0594 
1.92 	 0.0804 	 0.0587 
1.92 	 0.0788 	 0.0576 
1.92 	 0.0783 	 0.0571 
1.92 	 0.0769 	 0.0564 
1.93 	 0.0770 	 0.0567 
1.93 	 0.0785 	 0.0571 
1.93 	 0.0781 	 0.0569 
1.93 	 0.0778 	 0.0572 
1.93 	 0.0771 	 0.0568 
1.94 	 0.0761 	 0.0567 
1.94 	 0.0774 	 0.0572 
1.94 	 0.0780 	 0.0571 
1.94 	 0.0767 	 0.0569 
1.94 	 0.0770 	 0.0566 
1.95 	 0.0782 	 0.0567 
1.95 	 0.0795 	 0.0573 
1.95 	 0.0780 	 0.0569 
1.95 	 0.0791 	 0.0569 
1.95 	 0.0811 	 0.0581 
1.96 	 0.0814 	 0.0578 
1.96 	 0.0824 	 0.0585 
1.96 	 0.0814 	 0.0581 
1.96 	 0.0821 	 0.0588 
1.96 	 0.0824 	 0.0587 
1.97 	 0.0842 	 0.0603 
1.97 	 0.0856 	 0.0614 
1.97 	 0.0861 	 0.0616 
1.97 	 0.0866 	 0.0617 
1.97 	 0.0877 	 0.0630 
1.98 	 0.0891 	 0.0636 
1.98 	 0.0897 	 0.0639 
1.98 	 0.0898 	 0.0639 
1.98 	 0.0894 	 0.0630 
1.98 	 0.0899 	 0.0622 
1.99 	 0.0919 	 0.0631 
1.99 	 0.0926 	 0.0642 
1.99 	 0.0910 	 0.0643 
1.99 	 0.0925 	 0.0642 
1.99 	 0.0935 	 0.0641 
2.00 	 0.0943 	 0.0639 
2.00 	 0.0930 	 0.0630 
