# 	 time 	 original 	 transformed 
0.00 	 1.0000 	 1.0000 
0.00 	 0.9997 	 0.9997 
0.00 	 0.9995 	 0.9995 
0.01 	 0.9993 	 0.9993 
0.01 	 0.9999 	 0.9999 
0.01 	 1.0001 	 1.0001 
0.01 	 1.0001 	 1.0001 
0.01 	 0.9993 	 0.9993 
0.02 	 0.9989 	 0.9989 
0.02 	 0.9995 	 0.9995 
0.02 	 0.9993 	 0.9993 
0.02 	 0.9998 	 0.9998 
0.02 	 0.9996 	 0.9996 
0.03 	 0.9997 	 0.9997 
0.03 	 0.9996 	 0.9996 
0.03 	 0.9993 	 0.9993 
0.03 	 0.9992 	 0.9992 
0.03 	 0.9989 	 0.9989 
0.04 	 0.9988 	 0.9988 
0.04 	 0.9983 	 0.9983 
0.04 	 0.9990 	 0.9990 
0.04 	 0.9993 	 0.9993 
0.04 	 0.9997 	 0.9997 
0.05 	 0.9995 	 0.9995 
0.05 	 0.9991 	 0.9991 
0.05 	 0.9990 	 0.9990 
0.05 	 0.9986 	 0.9986 
0.05 	 0.9991 	 0.9991 
0.06 	 0.9990 	 0.9990 
0.06 	 0.9996 	 0.9996 
0.06 	 1.0000 	 1.0000 
0.06 	 1.0004 	 1.0004 
0.06 	 1.0003 	 1.0003 
0.07 	 1.0005 	 1.0005 
0.07 	 1.0001 	 1.0001 
0.07 	 0.9998 	 0.9998 
0.07 	 0.9993 	 0.9993 
0.07 	 0.9993 	 0.9993 
0.08 	 1.0001 	 1.0001 
0.08 	 1.0001 	 1.0001 
0.08 	 1.0004 	 1.0004 
0.08 	 1.0005 	 1.0005 
0.08 	 0.9995 	 0.9995 
0.09 	 0.9999 	 0.9999 
0.09 	 1.0001 	 1.0001 
0.09 	 1.0004 	 1.0004 
0.09 	 0.9995 	 0.9995 
0.09 	 0.9995 	 0.9995 
0.10 	 0.9994 	 0.9994 
0.10 	 0.9997 	 0.9998 
0.10 	 1.0002 	 1.0003 
0.10 	 1.0008 	 1.0008 
0.10 	 1.0006 	 1.0006 
0.11 	 1.0011 	 1.0011 
0.11 	 1.0009 	 1.0009 
0.11 	 1.0006 	 1.0007 
0.11 	 1.0006 	 1.0006 
0.11 	 1.0011 	 1.0011 
0.12 	 1.0009 	 1.0009 
0.12 	 1.0003 	 1.0003 
0.12 	 1.0005 	 1.0005 
0.12 	 1.0002 	 1.0002 
0.12 	 1.0003 	 1.0003 
0.13 	 1.0004 	 1.0004 
0.13 	 1.0000 	 1.0000 
0.13 	 1.0003 	 1.0003 
0.13 	 1.0005 	 1.0005 
0.13 	 1.0006 	 1.0006 
0.14 	 1.0007 	 1.0007 
0.14 	 1.0004 	 1.0005 
0.14 	 1.0001 	 1.0002 
0.14 	 1.0009 	 1.0009 
0.14 	 1.0015 	 1.0015 
0.15 	 1.0016 	 1.0016 
0.15 	 1.0017 	 1.0017 
0.15 	 1.0016 	 1.0016 
0.15 	 1.0014 	 1.0015 
0.15 	 1.0007 	 1.0007 
0.16 	 1.0004 	 1.0004 
0.16 	 1.0010 	 1.0011 
0.16 	 1.0011 	 1.0012 
0.16 	 1.0007 	 1.0008 
0.16 	 1.0004 	 1.0005 
0.17 	 1.0006 	 1.0008 
0.17 	 1.0006 	 1.0007 
0.17 	 1.0003 	 1.0004 
0.17 	 1.0003 	 1.0004 
0.17 	 1.0004 	 1.0005 
0.18 	 1.0008 	 1.0008 
0.18 	 1.0010 	 1.0011 
0.18 	 1.0005 	 1.0006 
0.18 	 1.0010 	 1.0010 
0.18 	 1.0016 	 1.0017 
0.19 	 1.0011 	 1.0012 
0.19 	 1.0010 	 1.0010 
0.19 	 1.0013 	 1.0014 
0.19 	 1.0019 	 1.0019 
0.19 	 1.0013 	 1.0014 
0.20 	 1.0016 	 1.0016 
0.20 	 1.0015 	 1.0015 
0.20 	 1.0017 	 1.0017 
0.20 	 1.0019 	 1.0018 
0.20 	 1.0015 	 1.0014 
0.21 	 1.0015 	 1.0013 
0.21 	 1.0016 	 1.0015 
0.21 	 1.0020 	 1.0019 
0.21 	 1.0014 	 1.0014 
0.21 	 1.0019 	 1.0018 
0.22 	 1.0022 	 1.0021 
0.22 	 1.0022 	 1.0020 
0.22 	 1.0019 	 1.0017 
0.22 	 1.0020 	 1.0018 
0.22 	 1.0027 	 1.0025 
0.23 	 1.0026 	 1.0024 
0.23 	 1.0017 	 1.0016 
0.23 	 1.0011 	 1.0010 
0.23 	 1.0003 	 1.0002 
0.23 	 1.0001 	 1.0001 
0.24 	 1.0002 	 1.0002 
0.24 	 1.0002 	 1.0002 
0.24 	 1.0004 	 1.0004 
0.24 	 1.0005 	 1.0005 
0.24 	 1.0006 	 1.0007 
0.25 	 1.0004 	 1.0003 
0.25 	 1.0006 	 1.0005 
0.25 	 1.0002 	 1.0001 
0.25 	 1.0000 	 0.9998 
0.25 	 1.0004 	 1.0003 
0.26 	 0.9998 	 0.9997 
0.26 	 0.9999 	 0.9998 
0.26 	 0.9990 	 0.9989 
0.26 	 0.9991 	 0.9990 
0.26 	 0.9984 	 0.9983 
0.27 	 0.9983 	 0.9983 
0.27 	 0.9981 	 0.9980 
0.27 	 0.9982 	 0.9981 
0.27 	 0.9986 	 0.9984 
0.27 	 0.9981 	 0.9979 
0.28 	 0.9974 	 0.9973 
0.28 	 0.9969 	 0.9967 
0.28 	 0.9972 	 0.9970 
0.28 	 0.9970 	 0.9968 
0.28 	 0.9962 	 0.9960 
0.29 	 0.9957 	 0.9955 
0.29 	 0.9960 	 0.9958 
0.29 	 0.9962 	 0.9960 
0.29 	 0.9959 	 0.9958 
0.29 	 0.9958 	 0.9956 
0.30 	 0.9956 	 0.9955 
0.30 	 0.9956 	 0.9956 
0.30 	 0.9950 	 0.9949 
0.30 	 0.9954 	 0.9953 
0.30 	 0.9957 	 0.9956 
0.31 	 0.9959 	 0.9959 
0.31 	 0.9958 	 0.9957 
0.31 	 0.9954 	 0.9954 
0.31 	 0.9953 	 0.9953 
0.31 	 0.9952 	 0.9953 
0.32 	 0.9959 	 0.9961 
0.32 	 0.9956 	 0.9958 
0.32 	 0.9958 	 0.9959 
0.32 	 0.9962 	 0.9962 
0.32 	 0.9965 	 0.9965 
0.33 	 0.9968 	 0.9968 
0.33 	 0.9964 	 0.9964 
0.33 	 0.9973 	 0.9974 
0.33 	 0.9979 	 0.9980 
0.33 	 0.9987 	 0.9988 
0.34 	 0.9989 	 0.9990 
0.34 	 0.9992 	 0.9993 
0.34 	 0.9996 	 0.9998 
0.34 	 0.9997 	 0.9999 
0.34 	 0.9999 	 1.0000 
0.35 	 0.9999 	 1.0001 
0.35 	 0.9994 	 0.9996 
0.35 	 0.9995 	 0.9997 
0.35 	 0.9993 	 0.9995 
0.35 	 0.9986 	 0.9988 
0.36 	 0.9977 	 0.9980 
0.36 	 0.9982 	 0.9984 
0.36 	 0.9982 	 0.9985 
0.36 	 0.9976 	 0.9979 
0.36 	 0.9979 	 0.9981 
0.37 	 0.9979 	 0.9982 
0.37 	 0.9983 	 0.9986 
0.37 	 0.9983 	 0.9985 
0.37 	 0.9975 	 0.9976 
0.37 	 0.9980 	 0.9981 
0.38 	 0.9980 	 0.9979 
0.38 	 0.9983 	 0.9982 
0.38 	 0.9981 	 0.9980 
0.38 	 0.9978 	 0.9976 
0.38 	 0.9975 	 0.9974 
0.39 	 0.9984 	 0.9982 
0.39 	 0.9980 	 0.9977 
0.39 	 0.9992 	 0.9990 
0.39 	 0.9995 	 0.9993 
0.39 	 0.9997 	 0.9993 
0.40 	 1.0000 	 0.9996 
0.40 	 1.0004 	 1.0000 
0.40 	 1.0012 	 1.0008 
0.40 	 1.0013 	 1.0009 
0.40 	 1.0019 	 1.0014 
0.41 	 1.0017 	 1.0013 
0.41 	 1.0018 	 1.0016 
0.41 	 1.0023 	 1.0021 
0.41 	 1.0018 	 1.0016 
0.41 	 1.0019 	 1.0016 
0.42 	 1.0022 	 1.0020 
0.42 	 1.0018 	 1.0017 
0.42 	 1.0025 	 1.0022 
0.42 	 1.0029 	 1.0024 
0.42 	 1.0032 	 1.0026 
0.43 	 1.0029 	 1.0022 
0.43 	 1.0026 	 1.0019 
0.43 	 1.0028 	 1.0021 
0.43 	 1.0030 	 1.0024 
0.43 	 1.0019 	 1.0012 
0.44 	 1.0026 	 1.0019 
0.44 	 1.0032 	 1.0025 
0.44 	 1.0027 	 1.0021 
0.44 	 1.0030 	 1.0024 
0.44 	 1.0029 	 1.0022 
0.45 	 1.0028 	 1.0020 
0.45 	 1.0028 	 1.0020 
0.45 	 1.0024 	 1.0017 
0.45 	 1.0023 	 1.0015 
0.45 	 1.0023 	 1.0014 
0.46 	 1.0023 	 1.0016 
0.46 	 1.0023 	 1.0014 
0.46 	 1.0022 	 1.0015 
0.46 	 1.0024 	 1.0015 
0.46 	 1.0022 	 1.0013 
0.47 	 1.0019 	 1.0012 
0.47 	 1.0009 	 1.0003 
0.47 	 1.0013 	 1.0008 
0.47 	 1.0015 	 1.0009 
0.47 	 1.0012 	 1.0006 
0.48 	 1.0015 	 1.0010 
0.48 	 1.0015 	 1.0010 
0.48 	 1.0011 	 1.0007 
0.48 	 1.0012 	 1.0007 
0.48 	 1.0007 	 1.0003 
0.49 	 1.0008 	 1.0004 
0.49 	 1.0014 	 1.0009 
0.49 	 1.0009 	 1.0005 
0.49 	 1.0012 	 1.0009 
0.49 	 1.0019 	 1.0014 
0.50 	 1.0021 	 1.0016 
0.50 	 1.0025 	 1.0021 
0.50 	 1.0023 	 1.0018 
0.50 	 1.0019 	 1.0014 
0.50 	 1.0024 	 1.0019 
0.51 	 1.0030 	 1.0025 
0.51 	 1.0034 	 1.0029 
0.51 	 1.0028 	 1.0022 
0.51 	 1.0028 	 1.0022 
0.51 	 1.0028 	 1.0021 
0.52 	 1.0031 	 1.0023 
0.52 	 1.0035 	 1.0027 
0.52 	 1.0050 	 1.0040 
0.52 	 1.0047 	 1.0036 
0.52 	 1.0047 	 1.0037 
0.53 	 1.0041 	 1.0033 
0.53 	 1.0045 	 1.0036 
0.53 	 1.0041 	 1.0032 
0.53 	 1.0040 	 1.0033 
0.53 	 1.0041 	 1.0034 
0.54 	 1.0043 	 1.0035 
0.54 	 1.0043 	 1.0035 
0.54 	 1.0035 	 1.0029 
0.54 	 1.0031 	 1.0025 
0.54 	 1.0026 	 1.0021 
0.55 	 1.0017 	 1.0012 
0.55 	 1.0019 	 1.0013 
0.55 	 1.0016 	 1.0010 
0.55 	 1.0020 	 1.0013 
0.55 	 1.0016 	 1.0008 
0.56 	 1.0012 	 1.0006 
0.56 	 1.0011 	 1.0004 
0.56 	 1.0014 	 1.0007 
0.56 	 1.0017 	 1.0011 
0.56 	 1.0020 	 1.0015 
0.57 	 1.0024 	 1.0020 
0.57 	 1.0027 	 1.0021 
0.57 	 1.0030 	 1.0024 
0.57 	 1.0029 	 1.0026 
0.57 	 1.0032 	 1.0027 
0.58 	 1.0027 	 1.0021 
0.58 	 1.0030 	 1.0023 
0.58 	 1.0034 	 1.0028 
0.58 	 1.0033 	 1.0028 
0.58 	 1.0041 	 1.0035 
0.59 	 1.0047 	 1.0040 
0.59 	 1.0029 	 1.0023 
0.59 	 1.0023 	 1.0018 
0.59 	 1.0023 	 1.0018 
0.59 	 1.0026 	 1.0021 
0.60 	 1.0017 	 1.0014 
0.60 	 1.0023 	 1.0021 
0.60 	 1.0016 	 1.0015 
0.60 	 1.0013 	 1.0010 
0.60 	 1.0020 	 1.0018 
0.61 	 1.0017 	 1.0015 
0.61 	 1.0015 	 1.0013 
0.61 	 1.0012 	 1.0010 
0.61 	 1.0015 	 1.0013 
0.61 	 1.0008 	 1.0008 
0.62 	 1.0010 	 1.0009 
0.62 	 1.0014 	 1.0011 
0.62 	 1.0013 	 1.0011 
0.62 	 1.0006 	 1.0003 
0.62 	 1.0007 	 1.0005 
0.63 	 1.0004 	 1.0001 
0.63 	 1.0004 	 1.0001 
0.63 	 1.0002 	 0.9999 
0.63 	 1.0002 	 1.0000 
0.63 	 1.0001 	 1.0000 
0.64 	 1.0000 	 1.0000 
0.64 	 0.9998 	 0.9998 
0.64 	 1.0003 	 1.0003 
0.64 	 1.0003 	 1.0002 
0.64 	 1.0008 	 1.0005 
0.65 	 1.0006 	 1.0004 
0.65 	 1.0007 	 1.0004 
0.65 	 1.0001 	 0.9999 
0.65 	 1.0002 	 1.0001 
0.65 	 1.0005 	 1.0006 
0.66 	 0.9994 	 0.9994 
0.66 	 0.9992 	 0.9990 
0.66 	 0.9990 	 0.9989 
0.66 	 0.9993 	 0.9992 
0.66 	 0.9994 	 0.9994 
0.67 	 0.9990 	 0.9990 
0.67 	 0.9994 	 0.9996 
0.67 	 0.9994 	 0.9994 
0.67 	 0.9988 	 0.9988 
0.67 	 0.9978 	 0.9979 
0.68 	 0.9981 	 0.9985 
0.68 	 0.9982 	 0.9985 
0.68 	 0.9977 	 0.9979 
0.68 	 0.9984 	 0.9984 
0.68 	 0.9981 	 0.9982 
0.69 	 0.9978 	 0.9977 
0.69 	 0.9977 	 0.9974 
0.69 	 0.9977 	 0.9974 
0.69 	 0.9971 	 0.9969 
0.69 	 0.9966 	 0.9965 
0.70 	 0.9968 	 0.9970 
0.70 	 0.9967 	 0.9968 
0.70 	 0.9969 	 0.9970 
0.70 	 0.9971 	 0.9974 
0.70 	 0.9977 	 0.9979 
0.71 	 0.9974 	 0.9976 
0.71 	 0.9980 	 0.9984 
0.71 	 0.9972 	 0.9976 
0.71 	 0.9977 	 0.9980 
0.71 	 0.9970 	 0.9973 
0.72 	 0.9965 	 0.9969 
0.72 	 0.9964 	 0.9967 
0.72 	 0.9961 	 0.9964 
0.72 	 0.9966 	 0.9967 
0.72 	 0.9974 	 0.9973 
0.73 	 0.9966 	 0.9966 
0.73 	 0.9964 	 0.9963 
0.73 	 0.9960 	 0.9959 
0.73 	 0.9954 	 0.9954 
0.73 	 0.9957 	 0.9956 
0.74 	 0.9956 	 0.9957 
0.74 	 0.9953 	 0.9953 
0.74 	 0.9955 	 0.9953 
0.74 	 0.9951 	 0.9949 
0.74 	 0.9955 	 0.9951 
0.75 	 0.9954 	 0.9949 
0.75 	 0.9954 	 0.9949 
0.75 	 0.9941 	 0.9938 
0.75 	 0.9939 	 0.9937 
0.75 	 0.9937 	 0.9935 
0.76 	 0.9939 	 0.9937 
0.76 	 0.9936 	 0.9934 
0.76 	 0.9937 	 0.9932 
0.76 	 0.9933 	 0.9927 
0.76 	 0.9926 	 0.9922 
0.77 	 0.9925 	 0.9920 
0.77 	 0.9916 	 0.9911 
0.77 	 0.9912 	 0.9909 
0.77 	 0.9913 	 0.9908 
0.77 	 0.9913 	 0.9910 
0.78 	 0.9914 	 0.9910 
0.78 	 0.9916 	 0.9912 
0.78 	 0.9914 	 0.9911 
0.78 	 0.9913 	 0.9910 
0.78 	 0.9918 	 0.9913 
0.79 	 0.9924 	 0.9919 
0.79 	 0.9916 	 0.9912 
0.79 	 0.9912 	 0.9911 
0.79 	 0.9923 	 0.9922 
0.79 	 0.9931 	 0.9931 
0.80 	 0.9929 	 0.9930 
0.80 	 0.9935 	 0.9936 
0.80 	 0.9933 	 0.9934 
0.80 	 0.9932 	 0.9933 
0.80 	 0.9928 	 0.9926 
0.81 	 0.9926 	 0.9926 
0.81 	 0.9929 	 0.9926 
0.81 	 0.9929 	 0.9927 
0.81 	 0.9930 	 0.9934 
0.81 	 0.9930 	 0.9938 
0.82 	 0.9932 	 0.9938 
0.82 	 0.9926 	 0.9929 
0.82 	 0.9922 	 0.9924 
0.82 	 0.9917 	 0.9922 
0.82 	 0.9920 	 0.9926 
0.83 	 0.9923 	 0.9928 
0.83 	 0.9915 	 0.9921 
0.83 	 0.9922 	 0.9927 
0.83 	 0.9923 	 0.9930 
0.83 	 0.9923 	 0.9930 
0.84 	 0.9925 	 0.9933 
0.84 	 0.9922 	 0.9930 
0.84 	 0.9922 	 0.9930 
0.84 	 0.9920 	 0.9927 
0.84 	 0.9920 	 0.9929 
0.85 	 0.9918 	 0.9928 
0.85 	 0.9914 	 0.9925 
0.85 	 0.9916 	 0.9924 
0.85 	 0.9918 	 0.9927 
0.85 	 0.9918 	 0.9925 
0.86 	 0.9913 	 0.9922 
0.86 	 0.9917 	 0.9926 
0.86 	 0.9914 	 0.9922 
0.86 	 0.9914 	 0.9924 
0.86 	 0.9916 	 0.9927 
0.87 	 0.9924 	 0.9934 
0.87 	 0.9923 	 0.9933 
0.87 	 0.9925 	 0.9933 
0.87 	 0.9923 	 0.9930 
0.87 	 0.9929 	 0.9934 
0.88 	 0.9928 	 0.9934 
0.88 	 0.9921 	 0.9924 
0.88 	 0.9928 	 0.9929 
0.88 	 0.9930 	 0.9932 
0.88 	 0.9929 	 0.9929 
0.89 	 0.9924 	 0.9925 
0.89 	 0.9924 	 0.9925 
0.89 	 0.9932 	 0.9933 
0.89 	 0.9930 	 0.9931 
0.89 	 0.9931 	 0.9931 
0.90 	 0.9933 	 0.9932 
0.90 	 0.9934 	 0.9933 
0.90 	 0.9938 	 0.9936 
0.90 	 0.9937 	 0.9935 
0.90 	 0.9940 	 0.9937 
0.91 	 0.9941 	 0.9938 
0.91 	 0.9937 	 0.9934 
0.91 	 0.9931 	 0.9928 
0.91 	 0.9939 	 0.9937 
0.91 	 0.9949 	 0.9943 
0.92 	 0.9952 	 0.9947 
0.92 	 0.9948 	 0.9944 
0.92 	 0.9954 	 0.9950 
0.92 	 0.9951 	 0.9950 
0.92 	 0.9957 	 0.9957 
0.93 	 0.9958 	 0.9959 
0.93 	 0.9959 	 0.9960 
0.93 	 0.9962 	 0.9961 
0.93 	 0.9965 	 0.9964 
0.93 	 0.9962 	 0.9962 
0.94 	 0.9961 	 0.9962 
0.94 	 0.9961 	 0.9961 
0.94 	 0.9966 	 0.9964 
0.94 	 0.9967 	 0.9969 
0.94 	 0.9965 	 0.9968 
0.95 	 0.9979 	 0.9980 
0.95 	 0.9973 	 0.9975 
0.95 	 0.9971 	 0.9976 
0.95 	 0.9970 	 0.9973 
0.95 	 0.9966 	 0.9970 
0.96 	 0.9973 	 0.9976 
0.96 	 0.9974 	 0.9977 
0.96 	 0.9974 	 0.9977 
0.96 	 0.9974 	 0.9976 
0.96 	 0.9975 	 0.9973 
0.97 	 0.9967 	 0.9967 
0.97 	 0.9968 	 0.9966 
0.97 	 0.9968 	 0.9967 
0.97 	 0.9962 	 0.9963 
0.97 	 0.9966 	 0.9967 
0.98 	 0.9964 	 0.9964 
0.98 	 0.9971 	 0.9969 
0.98 	 0.9969 	 0.9967 
0.98 	 0.9974 	 0.9974 
0.98 	 0.9972 	 0.9973 
0.99 	 0.9980 	 0.9983 
0.99 	 0.9979 	 0.9981 
0.99 	 0.9981 	 0.9982 
0.99 	 0.9977 	 0.9977 
0.99 	 0.9977 	 0.9975 
1.00 	 0.9971 	 0.9970 
1.00 	 0.9966 	 0.9968 
1.00 	 0.9960 	 0.9963 
1.00 	 0.9957 	 0.9959 
1.00 	 0.9947 	 0.9948 
1.01 	 0.9949 	 0.9951 
1.01 	 0.9949 	 0.9952 
1.01 	 0.9949 	 0.9951 
1.01 	 0.9953 	 0.9954 
1.01 	 0.9952 	 0.9954 
1.02 	 0.9958 	 0.9959 
1.02 	 0.9958 	 0.9956 
1.02 	 0.9960 	 0.9959 
1.02 	 0.9961 	 0.9963 
1.02 	 0.9960 	 0.9963 
1.03 	 0.9955 	 0.9958 
1.03 	 0.9956 	 0.9961 
1.03 	 0.9953 	 0.9958 
1.03 	 0.9953 	 0.9959 
1.03 	 0.9951 	 0.9957 
1.04 	 0.9949 	 0.9953 
1.04 	 0.9944 	 0.9948 
1.04 	 0.9941 	 0.9945 
1.04 	 0.9942 	 0.9948 
1.04 	 0.9948 	 0.9953 
1.05 	 0.9945 	 0.9950 
1.05 	 0.9947 	 0.9954 
1.05 	 0.9956 	 0.9964 
1.05 	 0.9959 	 0.9968 
1.05 	 0.9954 	 0.9964 
1.06 	 0.9950 	 0.9960 
1.06 	 0.9950 	 0.9958 
1.06 	 0.9952 	 0.9958 
1.06 	 0.9953 	 0.9959 
1.06 	 0.9948 	 0.9956 
1.07 	 0.9945 	 0.9954 
1.07 	 0.9947 	 0.9956 
1.07 	 0.9950 	 0.9955 
1.07 	 0.9958 	 0.9965 
1.07 	 0.9959 	 0.9967 
1.08 	 0.9963 	 0.9971 
1.08 	 0.9960 	 0.9967 
1.08 	 0.9960 	 0.9966 
1.08 	 0.9964 	 0.9969 
1.08 	 0.9964 	 0.9968 
1.09 	 0.9968 	 0.9971 
1.09 	 0.9965 	 0.9970 
1.09 	 0.9962 	 0.9967 
1.09 	 0.9963 	 0.9967 
1.09 	 0.9962 	 0.9965 
1.10 	 0.9969 	 0.9974 
1.10 	 0.9968 	 0.9975 
1.10 	 0.9963 	 0.9973 
1.10 	 0.9959 	 0.9971 
1.10 	 0.9961 	 0.9970 
1.11 	 0.9966 	 0.9977 
1.11 	 0.9967 	 0.9977 
1.11 	 0.9963 	 0.9971 
1.11 	 0.9964 	 0.9971 
1.11 	 0.9969 	 0.9974 
1.12 	 0.9971 	 0.9979 
1.12 	 0.9985 	 0.9990 
1.12 	 0.9992 	 0.9996 
1.12 	 0.9982 	 0.9983 
1.12 	 0.9985 	 0.9985 
1.13 	 0.9988 	 0.9988 
1.13 	 0.9985 	 0.9986 
1.13 	 0.9981 	 0.9986 
1.13 	 0.9980 	 0.9986 
1.13 	 0.9989 	 0.9993 
1.14 	 0.9987 	 0.9996 
1.14 	 0.9986 	 0.9996 
1.14 	 0.9983 	 0.9994 
1.14 	 0.9986 	 0.9995 
1.14 	 0.9978 	 0.9991 
1.15 	 0.9973 	 0.9988 
1.15 	 0.9972 	 0.9989 
1.15 	 0.9971 	 0.9986 
1.15 	 0.9969 	 0.9986 
1.15 	 0.9971 	 0.9987 
1.16 	 0.9975 	 0.9991 
1.16 	 0.9978 	 0.9993 
1.16 	 0.9982 	 0.9998 
1.16 	 0.9980 	 0.9996 
1.16 	 0.9973 	 0.9988 
1.17 	 0.9968 	 0.9987 
1.17 	 0.9969 	 0.9985 
1.17 	 0.9973 	 0.9990 
1.17 	 0.9973 	 0.9991 
1.17 	 0.9976 	 0.9992 
1.18 	 0.9974 	 0.9993 
1.18 	 0.9970 	 0.9988 
1.18 	 0.9965 	 0.9985 
1.18 	 0.9971 	 0.9987 
1.18 	 0.9964 	 0.9979 
1.19 	 0.9968 	 0.9985 
1.19 	 0.9970 	 0.9983 
1.19 	 0.9970 	 0.9983 
1.19 	 0.9972 	 0.9987 
1.19 	 0.9961 	 0.9977 
1.20 	 0.9965 	 0.9979 
1.20 	 0.9958 	 0.9972 
1.20 	 0.9953 	 0.9969 
1.20 	 0.9954 	 0.9967 
1.20 	 0.9953 	 0.9969 
1.21 	 0.9943 	 0.9958 
1.21 	 0.9941 	 0.9953 
1.21 	 0.9940 	 0.9950 
1.21 	 0.9946 	 0.9956 
1.21 	 0.9940 	 0.9952 
1.22 	 0.9940 	 0.9952 
1.22 	 0.9944 	 0.9954 
1.22 	 0.9944 	 0.9955 
1.22 	 0.9941 	 0.9953 
1.22 	 0.9940 	 0.9955 
1.23 	 0.9936 	 0.9954 
1.23 	 0.9941 	 0.9959 
1.23 	 0.9936 	 0.9952 
1.23 	 0.9938 	 0.9951 
1.23 	 0.9940 	 0.9953 
1.24 	 0.9939 	 0.9951 
1.24 	 0.9937 	 0.9950 
1.24 	 0.9937 	 0.9949 
1.24 	 0.9928 	 0.9945 
1.24 	 0.9928 	 0.9943 
1.25 	 0.9926 	 0.9941 
1.25 	 0.9921 	 0.9936 
1.25 	 0.9916 	 0.9931 
1.25 	 0.9917 	 0.9930 
1.25 	 0.9923 	 0.9936 
1.26 	 0.9926 	 0.9939 
1.26 	 0.9933 	 0.9947 
1.26 	 0.9937 	 0.9949 
1.26 	 0.9941 	 0.9953 
1.26 	 0.9941 	 0.9954 
1.27 	 0.9938 	 0.9954 
1.27 	 0.9937 	 0.9955 
1.27 	 0.9933 	 0.9954 
1.27 	 0.9939 	 0.9962 
1.27 	 0.9937 	 0.9960 
1.28 	 0.9941 	 0.9964 
1.28 	 0.9945 	 0.9968 
1.28 	 0.9948 	 0.9971 
1.28 	 0.9944 	 0.9967 
1.28 	 0.9942 	 0.9964 
1.29 	 0.9941 	 0.9963 
1.29 	 0.9944 	 0.9963 
1.29 	 0.9952 	 0.9971 
1.29 	 0.9956 	 0.9976 
1.29 	 0.9946 	 0.9968 
1.30 	 0.9949 	 0.9970 
1.30 	 0.9948 	 0.9968 
1.30 	 0.9954 	 0.9976 
1.30 	 0.9945 	 0.9967 
1.30 	 0.9946 	 0.9968 
1.31 	 0.9935 	 0.9957 
1.31 	 0.9931 	 0.9952 
1.31 	 0.9935 	 0.9958 
1.31 	 0.9940 	 0.9964 
1.31 	 0.9942 	 0.9968 
1.32 	 0.9953 	 0.9976 
1.32 	 0.9953 	 0.9978 
1.32 	 0.9959 	 0.9985 
1.32 	 0.9957 	 0.9985 
1.32 	 0.9955 	 0.9984 
1.33 	 0.9958 	 0.9986 
1.33 	 0.9961 	 0.9988 
1.33 	 0.9963 	 0.9988 
1.33 	 0.9958 	 0.9985 
1.33 	 0.9963 	 0.9990 
1.34 	 0.9960 	 0.9982 
1.34 	 0.9957 	 0.9979 
1.34 	 0.9962 	 0.9984 
1.34 	 0.9969 	 0.9992 
1.34 	 0.9963 	 0.9987 
1.35 	 0.9968 	 0.9992 
1.35 	 0.9970 	 0.9995 
1.35 	 0.9970 	 0.9996 
1.35 	 0.9972 	 0.9997 
1.35 	 0.9975 	 1.0000 
1.36 	 0.9978 	 1.0003 
1.36 	 0.9968 	 0.9995 
1.36 	 0.9970 	 0.9998 
1.36 	 0.9964 	 0.9991 
1.36 	 0.9981 	 1.0006 
1.37 	 0.9983 	 1.0006 
1.37 	 0.9988 	 1.0008 
1.37 	 0.9984 	 1.0002 
1.37 	 0.9986 	 1.0003 
1.37 	 0.9987 	 1.0006 
1.38 	 0.9985 	 1.0004 
1.38 	 0.9982 	 1.0000 
1.38 	 0.9988 	 1.0006 
1.38 	 0.9988 	 1.0005 
1.38 	 0.9990 	 1.0007 
1.39 	 0.9989 	 1.0003 
1.39 	 0.9991 	 1.0007 
1.39 	 1.0000 	 1.0015 
1.39 	 1.0002 	 1.0018 
1.39 	 1.0011 	 1.0033 
1.40 	 1.0014 	 1.0036 
1.40 	 1.0009 	 1.0031 
1.40 	 1.0009 	 1.0029 
1.40 	 1.0005 	 1.0026 
1.40 	 1.0000 	 1.0021 
1.41 	 0.9998 	 1.0017 
1.41 	 1.0001 	 1.0020 
1.41 	 1.0003 	 1.0023 
1.41 	 1.0009 	 1.0028 
1.41 	 1.0005 	 1.0026 
1.42 	 1.0004 	 1.0027 
1.42 	 0.9999 	 1.0019 
1.42 	 0.9995 	 1.0014 
1.42 	 0.9997 	 1.0016 
1.42 	 1.0001 	 1.0018 
1.43 	 1.0002 	 1.0020 
1.43 	 1.0000 	 1.0018 
1.43 	 1.0005 	 1.0023 
1.43 	 1.0013 	 1.0028 
1.43 	 1.0013 	 1.0026 
1.44 	 1.0011 	 1.0024 
1.44 	 1.0013 	 1.0026 
1.44 	 1.0007 	 1.0020 
1.44 	 1.0010 	 1.0023 
1.44 	 1.0005 	 1.0015 
1.45 	 1.0004 	 1.0013 
1.45 	 0.9997 	 1.0008 
1.45 	 1.0003 	 1.0012 
1.45 	 1.0003 	 1.0012 
1.45 	 1.0005 	 1.0008 
1.46 	 1.0007 	 1.0008 
1.46 	 1.0009 	 1.0010 
1.46 	 1.0010 	 1.0013 
1.46 	 1.0017 	 1.0020 
1.46 	 1.0024 	 1.0025 
1.47 	 1.0025 	 1.0026 
1.47 	 1.0030 	 1.0031 
1.47 	 1.0035 	 1.0036 
1.47 	 1.0040 	 1.0038 
1.47 	 1.0035 	 1.0035 
1.48 	 1.0033 	 1.0032 
1.48 	 1.0026 	 1.0028 
1.48 	 1.0026 	 1.0029 
1.48 	 1.0030 	 1.0033 
1.48 	 1.0035 	 1.0040 
1.49 	 1.0034 	 1.0038 
1.49 	 1.0036 	 1.0039 
1.49 	 1.0040 	 1.0044 
1.49 	 1.0042 	 1.0047 
1.49 	 1.0045 	 1.0052 
1.50 	 1.0039 	 1.0046 
1.50 	 1.0040 	 1.0049 
1.50 	 1.0045 	 1.0053 
1.50 	 1.0044 	 1.0053 
1.50 	 1.0044 	 1.0053 
1.51 	 1.0049 	 1.0056 
1.51 	 1.0039 	 1.0047 
1.51 	 1.0035 	 1.0044 
1.51 	 1.0038 	 1.0046 
1.51 	 1.0032 	 1.0041 
1.52 	 1.0030 	 1.0040 
1.52 	 1.0037 	 1.0048 
1.52 	 1.0040 	 1.0055 
1.52 	 1.0040 	 1.0055 
1.52 	 1.0038 	 1.0054 
1.53 	 1.0034 	 1.0049 
1.53 	 1.0034 	 1.0052 
1.53 	 1.0032 	 1.0056 
1.53 	 1.0028 	 1.0051 
1.53 	 1.0025 	 1.0044 
1.54 	 1.0034 	 1.0055 
1.54 	 1.0041 	 1.0062 
1.54 	 1.0042 	 1.0063 
1.54 	 1.0053 	 1.0072 
1.54 	 1.0047 	 1.0067 
1.55 	 1.0047 	 1.0069 
1.55 	 1.0040 	 1.0061 
1.55 	 1.0043 	 1.0067 
1.55 	 1.0038 	 1.0060 
1.55 	 1.0033 	 1.0055 
1.56 	 1.0025 	 1.0045 
1.56 	 1.0023 	 1.0044 
1.56 	 1.0025 	 1.0047 
1.56 	 1.0025 	 1.0046 
1.56 	 1.0027 	 1.0049 
1.57 	 1.0029 	 1.0051 
1.57 	 1.0028 	 1.0051 
1.57 	 1.0032 	 1.0053 
1.57 	 1.0024 	 1.0050 
1.57 	 1.0033 	 1.0060 
1.58 	 1.0024 	 1.0048 
1.58 	 1.0026 	 1.0050 
1.58 	 1.0022 	 1.0046 
1.58 	 1.0019 	 1.0040 
1.58 	 1.0023 	 1.0046 
1.59 	 1.0021 	 1.0046 
1.59 	 1.0021 	 1.0048 
1.59 	 1.0022 	 1.0049 
1.59 	 1.0024 	 1.0050 
1.59 	 1.0021 	 1.0048 
1.60 	 1.0017 	 1.0045 
1.60 	 1.0023 	 1.0049 
1.60 	 1.0011 	 1.0038 
1.60 	 1.0013 	 1.0038 
1.60 	 1.0012 	 1.0040 
1.61 	 1.0008 	 1.0038 
1.61 	 1.0012 	 1.0041 
1.61 	 1.0013 	 1.0044 
1.61 	 1.0017 	 1.0044 
1.61 	 1.0021 	 1.0051 
1.62 	 1.0020 	 1.0050 
1.62 	 1.0015 	 1.0045 
1.62 	 1.0009 	 1.0041 
1.62 	 1.0007 	 1.0043 
1.62 	 1.0009 	 1.0043 
1.63 	 1.0004 	 1.0040 
1.63 	 1.0009 	 1.0047 
1.63 	 1.0005 	 1.0041 
1.63 	 1.0002 	 1.0041 
1.63 	 1.0006 	 1.0045 
1.64 	 1.0001 	 1.0039 
1.64 	 1.0009 	 1.0046 
1.64 	 1.0008 	 1.0045 
1.64 	 1.0008 	 1.0043 
1.64 	 1.0006 	 1.0040 
1.65 	 1.0008 	 1.0042 
1.65 	 1.0001 	 1.0035 
1.65 	 0.9997 	 1.0031 
1.65 	 0.9995 	 1.0032 
1.65 	 0.9995 	 1.0031 
1.66 	 1.0002 	 1.0037 
1.66 	 1.0000 	 1.0035 
1.66 	 0.9995 	 1.0032 
1.66 	 0.9989 	 1.0027 
1.66 	 0.9981 	 1.0022 
1.67 	 0.9980 	 1.0019 
1.67 	 0.9982 	 1.0022 
1.67 	 0.9984 	 1.0025 
1.67 	 0.9978 	 1.0018 
1.67 	 0.9984 	 1.0021 
1.68 	 0.9984 	 1.0022 
1.68 	 0.9985 	 1.0024 
1.68 	 0.9986 	 1.0028 
1.68 	 0.9977 	 1.0018 
1.68 	 0.9979 	 1.0020 
1.69 	 0.9979 	 1.0018 
1.69 	 0.9980 	 1.0018 
1.69 	 0.9988 	 1.0023 
1.69 	 0.9986 	 1.0024 
1.69 	 0.9986 	 1.0019 
1.70 	 0.9983 	 1.0020 
1.70 	 0.9987 	 1.0026 
1.70 	 0.9989 	 1.0026 
1.70 	 0.9993 	 1.0033 
1.70 	 0.9990 	 1.0033 
1.71 	 0.9984 	 1.0029 
1.71 	 0.9983 	 1.0028 
1.71 	 0.9980 	 1.0025 
1.71 	 0.9977 	 1.0024 
1.71 	 0.9973 	 1.0023 
1.72 	 0.9971 	 1.0022 
1.72 	 0.9970 	 1.0020 
1.72 	 0.9964 	 1.0013 
1.72 	 0.9956 	 1.0006 
1.72 	 0.9956 	 1.0004 
1.73 	 0.9966 	 1.0013 
1.73 	 0.9964 	 1.0012 
1.73 	 0.9957 	 1.0007 
1.73 	 0.9961 	 1.0009 
1.73 	 0.9968 	 1.0012 
1.74 	 0.9969 	 1.0016 
1.74 	 0.9970 	 1.0017 
1.74 	 0.9965 	 1.0010 
1.74 	 0.9964 	 1.0007 
1.74 	 0.9967 	 1.0008 
1.75 	 0.9960 	 1.0001 
1.75 	 0.9963 	 1.0004 
1.75 	 0.9964 	 1.0003 
1.75 	 0.9959 	 0.9999 
1.75 	 0.9961 	 1.0002 
1.76 	 0.9963 	 1.0002 
1.76 	 0.9961 	 1.0000 
1.76 	 0.9965 	 1.0004 
1.76 	 0.9975 	 1.0011 
1.76 	 0.9974 	 1.0010 
1.77 	 0.9971 	 1.0007 
1.77 	 0.9971 	 1.0008 
1.77 	 0.9975 	 1.0008 
1.77 	 0.9980 	 1.0012 
1.77 	 0.9974 	 1.0008 
1.78 	 0.9974 	 1.0007 
1.78 	 0.9968 	 1.0005 
1.78 	 0.9977 	 1.0006 
1.78 	 0.9970 	 0.9996 
1.78 	 0.9960 	 0.9988 
1.79 	 0.9950 	 0.9981 
1.79 	 0.9944 	 0.9978 
1.79 	 0.9939 	 0.9975 
1.79 	 0.9943 	 0.9982 
1.79 	 0.9943 	 0.9977 
1.80 	 0.9947 	 0.9983 
1.80 	 0.9951 	 0.9987 
1.80 	 0.9954 	 0.9989 
1.80 	 0.9961 	 1.0000 
1.80 	 0.9962 	 0.9998 
1.81 	 0.9970 	 1.0006 
1.81 	 0.9969 	 1.0004 
1.81 	 0.9962 	 0.9997 
1.81 	 0.9956 	 0.9991 
1.81 	 0.9960 	 0.9991 
1.82 	 0.9957 	 0.9989 
1.82 	 0.9964 	 0.9998 
1.82 	 0.9968 	 1.0001 
1.82 	 0.9968 	 1.0003 
1.82 	 0.9964 	 1.0000 
1.83 	 0.9958 	 0.9997 
1.83 	 0.9953 	 0.9994 
1.83 	 0.9959 	 1.0000 
1.83 	 0.9950 	 0.9996 
1.83 	 0.9952 	 0.9999 
1.84 	 0.9957 	 1.0002 
1.84 	 0.9953 	 1.0002 
1.84 	 0.9957 	 1.0006 
1.84 	 0.9961 	 1.0010 
1.84 	 0.9959 	 1.0007 
1.85 	 0.9964 	 1.0017 
1.85 	 0.9959 	 1.0007 
1.85 	 0.9957 	 1.0003 
1.85 	 0.9960 	 1.0008 
1.85 	 0.9956 	 1.0005 
1.86 	 0.9953 	 1.0005 
1.86 	 0.9951 	 1.0003 
1.86 	 0.9944 	 0.9996 
1.86 	 0.9949 	 0.9997 
1.86 	 0.9947 	 0.9997 
1.87 	 0.9945 	 0.9994 
1.87 	 0.9950 	 1.0000 
1.87 	 0.9945 	 0.9996 
1.87 	 0.9943 	 0.9994 
1.87 	 0.9944 	 0.9994 
1.88 	 0.9936 	 0.9990 
1.88 	 0.9935 	 0.9989 
1.88 	 0.9930 	 0.9986 
1.88 	 0.9931 	 0.9990 
1.88 	 0.9931 	 0.9990 
1.89 	 0.9937 	 0.9993 
1.89 	 0.9943 	 0.9996 
1.89 	 0.9943 	 0.9997 
1.89 	 0.9936 	 0.9992 
1.89 	 0.9931 	 0.9987 
1.90 	 0.9933 	 0.9991 
1.90 	 0.9939 	 0.9993 
1.90 	 0.9937 	 0.9992 
1.90 	 0.9938 	 0.9993 
1.90 	 0.9938 	 0.9993 
1.91 	 0.9937 	 0.9990 
1.91 	 0.9933 	 0.9987 
1.91 	 0.9927 	 0.9980 
1.91 	 0.9926 	 0.9981 
1.91 	 0.9923 	 0.9978 
1.92 	 0.9925 	 0.9982 
1.92 	 0.9931 	 0.9987 
1.92 	 0.9932 	 0.9983 
1.92 	 0.9929 	 0.9980 
1.92 	 0.9924 	 0.9975 
1.93 	 0.9926 	 0.9978 
1.93 	 0.9927 	 0.9980 
1.93 	 0.9924 	 0.9979 
1.93 	 0.9928 	 0.9983 
1.93 	 0.9927 	 0.9981 
1.94 	 0.9919 	 0.9975 
1.94 	 0.9930 	 0.9983 
1.94 	 0.9934 	 0.9991 
1.94 	 0.9934 	 0.9992 
1.94 	 0.9939 	 0.9996 
1.95 	 0.9938 	 0.9997 
1.95 	 0.9934 	 0.9992 
1.95 	 0.9930 	 0.9988 
1.95 	 0.9937 	 0.9993 
1.95 	 0.9940 	 0.9994 
1.96 	 0.9939 	 0.9993 
1.96 	 0.9939 	 0.9992 
1.96 	 0.9934 	 0.9987 
1.96 	 0.9933 	 0.9984 
1.96 	 0.9934 	 0.9985 
1.97 	 0.9938 	 0.9988 
1.97 	 0.9941 	 0.9990 
1.97 	 0.9938 	 0.9991 
1.97 	 0.9938 	 0.9989 
1.97 	 0.9937 	 0.9988 
1.98 	 0.9939 	 0.9988 
1.98 	 0.9930 	 0.9979 
1.98 	 0.9932 	 0.9985 
1.98 	 0.9925 	 0.9981 
1.98 	 0.9917 	 0.9975 
1.99 	 0.9919 	 0.9974 
1.99 	 0.9918 	 0.9974 
1.99 	 0.9919 	 0.9975 
1.99 	 0.9915 	 0.9975 
1.99 	 0.9918 	 0.9973 
2.00 	 0.9919 	 0.9972 
2.00 	 0.9915 	 0.9972 
