# 	 time 	 original 	 transformed 
0.00 	 0.0000 	 0.0000 
0.00 	 0.0000 	 0.0000 
0.00 	 0.0000 	 0.0000 
0.00 	 0.0000 	 0.0000 
0.00 	 0.0000 	 0.0000 
0.00 	 0.0000 	 0.0000 
0.00 	 0.0000 	 0.0000 
0.00 	 0.0000 	 0.0000 
0.00 	 0.0000 	 0.0000 
0.00 	 0.0000 	 0.0000 
0.01 	 0.0000 	 0.0000 
0.01 	 0.0000 	 0.0000 
0.01 	 0.0000 	 0.0000 
0.01 	 0.0000 	 0.0000 
0.01 	 0.0000 	 0.0000 
0.01 	 0.0000 	 0.0000 
0.01 	 0.0000 	 0.0000 
0.01 	 0.0000 	 0.0000 
0.01 	 0.0000 	 0.0000 
0.01 	 0.0000 	 0.0000 
0.01 	 0.0000 	 0.0000 
0.01 	 0.0000 	 0.0000 
0.01 	 0.0000 	 0.0000 
0.01 	 0.0000 	 0.0000 
0.01 	 0.0000 	 0.0000 
0.01 	 0.0000 	 0.0000 
0.01 	 0.0000 	 0.0000 
0.01 	 0.0000 	 0.0000 
0.01 	 0.0000 	 0.0000 
0.01 	 0.0000 	 0.0000 
0.01 	 0.0000 	 0.0000 
0.02 	 0.0000 	 0.0000 
0.02 	 0.0000 	 0.0000 
0.02 	 0.0000 	 0.0000 
0.02 	 0.0000 	 0.0000 
0.02 	 0.0000 	 0.0000 
0.02 	 0.0000 	 0.0000 
0.02 	 0.0000 	 0.0000 
0.02 	 0.0000 	 0.0000 
0.02 	 0.0000 	 0.0000 
0.02 	 0.0000 	 0.0000 
0.02 	 0.0000 	 0.0000 
0.02 	 0.0000 	 0.0000 
0.02 	 0.0000 	 0.0000 
0.02 	 0.0000 	 0.0000 
0.02 	 0.0000 	 0.0000 
0.02 	 0.0000 	 0.0000 
0.02 	 0.0000 	 0.0000 
0.02 	 0.0000 	 0.0000 
0.02 	 0.0000 	 0.0000 
0.03 	 0.0000 	 0.0000 
0.03 	 0.0000 	 0.0000 
0.03 	 0.0000 	 0.0000 
0.03 	 0.0000 	 0.0000 
0.03 	 0.0000 	 0.0000 
0.03 	 0.0000 	 0.0000 
0.03 	 0.0000 	 0.0000 
0.03 	 0.0000 	 0.0000 
0.03 	 0.0000 	 0.0000 
0.03 	 0.0000 	 0.0000 
0.03 	 0.0000 	 0.0000 
0.03 	 0.0000 	 0.0000 
0.03 	 0.0000 	 0.0000 
0.03 	 0.0000 	 0.0000 
0.03 	 0.0000 	 0.0000 
0.03 	 0.0000 	 0.0000 
0.03 	 0.0000 	 0.0000 
0.03 	 0.0000 	 0.0000 
0.03 	 0.0000 	 0.0000 
0.03 	 0.0000 	 0.0000 
0.04 	 0.0000 	 0.0000 
0.04 	 0.0000 	 0.0000 
0.04 	 0.0000 	 0.0000 
0.04 	 0.0000 	 0.0000 
0.04 	 0.0000 	 0.0000 
0.04 	 0.0000 	 0.0000 
0.04 	 0.0000 	 0.0000 
0.04 	 0.0000 	 0.0000 
0.04 	 0.0000 	 0.0000 
0.04 	 0.0000 	 0.0000 
0.04 	 0.0000 	 0.0000 
0.04 	 0.0000 	 0.0000 
0.04 	 0.0000 	 0.0000 
0.04 	 0.0000 	 0.0000 
0.04 	 0.0000 	 0.0000 
0.04 	 0.0000 	 0.0000 
0.04 	 0.0000 	 0.0000 
0.04 	 0.0000 	 0.0000 
0.04 	 0.0000 	 0.0000 
0.04 	 0.0000 	 0.0000 
0.04 	 0.0000 	 0.0000 
0.05 	 0.0000 	 0.0000 
0.05 	 0.0000 	 0.0000 
0.05 	 0.0000 	 0.0000 
0.05 	 0.0000 	 0.0000 
0.05 	 0.0000 	 0.0000 
0.05 	 0.0000 	 0.0000 
0.05 	 0.0000 	 0.0000 
0.05 	 0.0000 	 0.0000 
0.05 	 0.0000 	 0.0000 
0.05 	 0.0000 	 0.0000 
0.05 	 0.0000 	 0.0000 
0.05 	 0.0000 	 0.0000 
0.05 	 0.0000 	 0.0000 
0.05 	 0.0000 	 0.0000 
0.05 	 0.0000 	 0.0000 
0.05 	 0.0000 	 0.0000 
0.05 	 0.0000 	 0.0000 
0.05 	 0.0000 	 0.0000 
0.05 	 0.0000 	 0.0000 
0.06 	 0.0000 	 0.0000 
0.06 	 0.0000 	 0.0000 
0.06 	 0.0000 	 0.0000 
0.06 	 0.0000 	 0.0000 
0.06 	 0.0000 	 0.0000 
0.06 	 0.0000 	 0.0000 
0.06 	 0.0000 	 0.0000 
0.06 	 0.0000 	 0.0000 
0.06 	 0.0000 	 0.0000 
0.06 	 0.0000 	 0.0000 
0.06 	 0.0000 	 0.0000 
0.06 	 0.0000 	 0.0000 
0.06 	 0.0000 	 0.0000 
0.06 	 0.0000 	 0.0000 
0.06 	 0.0000 	 0.0000 
0.06 	 0.0000 	 0.0000 
0.06 	 0.0000 	 0.0000 
0.06 	 0.0000 	 0.0000 
0.06 	 0.0000 	 0.0000 
0.06 	 0.0000 	 0.0000 
0.07 	 0.0000 	 0.0000 
0.07 	 0.0000 	 0.0000 
0.07 	 0.0000 	 0.0000 
0.07 	 0.0000 	 0.0000 
0.07 	 0.0000 	 0.0000 
0.07 	 0.0000 	 0.0000 
0.07 	 0.0000 	 0.0000 
0.07 	 0.0000 	 0.0000 
0.07 	 0.0000 	 0.0000 
0.07 	 0.0000 	 0.0000 
0.07 	 0.0000 	 0.0000 
0.07 	 0.0000 	 0.0000 
0.07 	 0.0000 	 0.0000 
0.07 	 0.0000 	 0.0000 
0.07 	 0.0000 	 0.0000 
0.07 	 0.0000 	 0.0000 
0.07 	 0.0000 	 0.0000 
0.07 	 0.0000 	 0.0000 
0.07 	 0.0000 	 0.0000 
0.07 	 0.0000 	 0.0000 
0.07 	 0.0000 	 0.0000 
0.08 	 0.0000 	 0.0000 
0.08 	 0.0000 	 0.0000 
0.08 	 0.0000 	 0.0000 
0.08 	 0.0000 	 0.0000 
0.08 	 0.0000 	 0.0000 
0.08 	 0.0000 	 0.0000 
0.08 	 0.0000 	 0.0000 
0.08 	 0.0000 	 0.0000 
0.08 	 0.0000 	 0.0000 
0.08 	 0.0004 	 0.0002 
0.08 	 0.0004 	 0.0002 
0.08 	 0.0000 	 0.0002 
0.08 	 0.0000 	 0.0002 
0.08 	 0.0000 	 0.0002 
0.08 	 0.0000 	 0.0002 
0.08 	 0.0000 	 0.0002 
0.08 	 0.0000 	 0.0002 
0.08 	 0.0000 	 0.0002 
0.08 	 0.0000 	 0.0002 
0.09 	 0.0000 	 0.0002 
0.09 	 0.0004 	 0.0002 
0.09 	 0.0004 	 0.0002 
0.09 	 0.0004 	 0.0002 
0.09 	 0.0004 	 0.0002 
0.09 	 0.0004 	 0.0002 
0.09 	 0.0004 	 0.0002 
0.09 	 0.0012 	 0.0006 
0.09 	 0.0008 	 0.0006 
0.09 	 0.0012 	 0.0006 
0.09 	 0.0008 	 0.0006 
0.09 	 0.0008 	 0.0006 
0.09 	 0.0000 	 0.0006 
0.09 	 0.0000 	 0.0006 
0.09 	 0.0004 	 0.0006 
0.09 	 0.0004 	 0.0006 
0.09 	 0.0004 	 0.0008 
0.09 	 0.0004 	 0.0008 
0.09 	 0.0004 	 0.0008 
0.09 	 0.0004 	 0.0008 
0.10 	 0.0004 	 0.0008 
0.10 	 0.0004 	 0.0008 
0.10 	 0.0004 	 0.0008 
0.10 	 0.0008 	 0.0008 
0.10 	 0.0008 	 0.0008 
0.10 	 0.0008 	 0.0008 
0.10 	 0.0008 	 0.0008 
0.10 	 0.0008 	 0.0008 
0.10 	 0.0004 	 0.0008 
0.10 	 0.0004 	 0.0008 
0.10 	 0.0004 	 0.0008 
0.10 	 0.0012 	 0.0010 
0.10 	 0.0012 	 0.0010 
0.10 	 0.0012 	 0.0010 
0.10 	 0.0012 	 0.0010 
0.10 	 0.0012 	 0.0010 
0.10 	 0.0012 	 0.0010 
0.10 	 0.0012 	 0.0010 
0.10 	 0.0012 	 0.0010 
0.10 	 0.0012 	 0.0010 
0.10 	 0.0012 	 0.0010 
0.11 	 0.0012 	 0.0010 
0.11 	 0.0012 	 0.0010 
0.11 	 0.0012 	 0.0010 
0.11 	 0.0012 	 0.0010 
0.11 	 0.0012 	 0.0010 
0.11 	 0.0012 	 0.0010 
0.11 	 0.0008 	 0.0010 
0.11 	 0.0008 	 0.0010 
0.11 	 0.0004 	 0.0010 
0.11 	 0.0008 	 0.0010 
0.11 	 0.0004 	 0.0010 
0.11 	 0.0012 	 0.0010 
0.11 	 0.0012 	 0.0010 
0.11 	 0.0004 	 0.0010 
0.11 	 0.0012 	 0.0012 
0.11 	 0.0008 	 0.0012 
0.11 	 0.0008 	 0.0012 
0.11 	 0.0008 	 0.0012 
0.11 	 0.0016 	 0.0014 
0.12 	 0.0020 	 0.0014 
0.12 	 0.0020 	 0.0016 
0.12 	 0.0020 	 0.0016 
0.12 	 0.0020 	 0.0016 
0.12 	 0.0020 	 0.0016 
0.12 	 0.0020 	 0.0016 
0.12 	 0.0020 	 0.0016 
0.12 	 0.0016 	 0.0016 
0.12 	 0.0020 	 0.0018 
0.12 	 0.0024 	 0.0018 
0.12 	 0.0028 	 0.0020 
0.12 	 0.0020 	 0.0022 
0.12 	 0.0016 	 0.0022 
0.12 	 0.0020 	 0.0022 
0.12 	 0.0020 	 0.0022 
0.12 	 0.0020 	 0.0022 
0.12 	 0.0024 	 0.0022 
0.12 	 0.0016 	 0.0022 
0.12 	 0.0020 	 0.0022 
0.12 	 0.0020 	 0.0022 
0.12 	 0.0020 	 0.0022 
0.13 	 0.0016 	 0.0022 
0.13 	 0.0024 	 0.0024 
0.13 	 0.0028 	 0.0024 
0.13 	 0.0024 	 0.0024 
0.13 	 0.0032 	 0.0026 
0.13 	 0.0032 	 0.0026 
0.13 	 0.0028 	 0.0026 
0.13 	 0.0024 	 0.0026 
0.13 	 0.0024 	 0.0026 
0.13 	 0.0024 	 0.0026 
0.13 	 0.0032 	 0.0026 
0.13 	 0.0032 	 0.0026 
0.13 	 0.0028 	 0.0026 
0.13 	 0.0032 	 0.0028 
0.13 	 0.0040 	 0.0030 
0.13 	 0.0032 	 0.0030 
0.13 	 0.0032 	 0.0030 
0.13 	 0.0036 	 0.0032 
0.13 	 0.0040 	 0.0032 
0.14 	 0.0040 	 0.0034 
0.14 	 0.0032 	 0.0034 
0.14 	 0.0036 	 0.0034 
0.14 	 0.0036 	 0.0034 
0.14 	 0.0036 	 0.0034 
0.14 	 0.0040 	 0.0036 
0.14 	 0.0044 	 0.0036 
0.14 	 0.0048 	 0.0036 
0.14 	 0.0040 	 0.0038 
0.14 	 0.0044 	 0.0038 
0.14 	 0.0040 	 0.0038 
0.14 	 0.0044 	 0.0038 
0.14 	 0.0040 	 0.0038 
0.14 	 0.0032 	 0.0038 
0.14 	 0.0044 	 0.0040 
0.14 	 0.0040 	 0.0042 
0.14 	 0.0040 	 0.0042 
0.14 	 0.0040 	 0.0044 
0.14 	 0.0040 	 0.0046 
0.14 	 0.0036 	 0.0046 
0.14 	 0.0032 	 0.0046 
0.15 	 0.0032 	 0.0046 
0.15 	 0.0048 	 0.0046 
0.15 	 0.0052 	 0.0046 
0.15 	 0.0048 	 0.0046 
0.15 	 0.0048 	 0.0046 
0.15 	 0.0048 	 0.0046 
0.15 	 0.0052 	 0.0046 
0.15 	 0.0044 	 0.0046 
0.15 	 0.0052 	 0.0048 
0.15 	 0.0052 	 0.0048 
0.15 	 0.0052 	 0.0050 
0.15 	 0.0052 	 0.0050 
0.15 	 0.0056 	 0.0050 
0.15 	 0.0056 	 0.0050 
0.15 	 0.0060 	 0.0050 
0.15 	 0.0052 	 0.0050 
0.15 	 0.0048 	 0.0050 
0.15 	 0.0052 	 0.0050 
0.15 	 0.0056 	 0.0050 
0.15 	 0.0056 	 0.0050 
0.16 	 0.0056 	 0.0050 
0.16 	 0.0060 	 0.0050 
0.16 	 0.0060 	 0.0050 
0.16 	 0.0056 	 0.0050 
0.16 	 0.0052 	 0.0050 
0.16 	 0.0052 	 0.0050 
0.16 	 0.0048 	 0.0052 
0.16 	 0.0044 	 0.0052 
0.16 	 0.0048 	 0.0052 
0.16 	 0.0056 	 0.0052 
0.16 	 0.0048 	 0.0052 
0.16 	 0.0048 	 0.0054 
0.16 	 0.0052 	 0.0054 
0.16 	 0.0052 	 0.0054 
0.16 	 0.0060 	 0.0056 
0.16 	 0.0072 	 0.0062 
0.16 	 0.0068 	 0.0062 
0.16 	 0.0068 	 0.0062 
0.16 	 0.0072 	 0.0064 
0.17 	 0.0072 	 0.0064 
0.17 	 0.0072 	 0.0066 
0.17 	 0.0068 	 0.0066 
0.17 	 0.0076 	 0.0070 
0.17 	 0.0068 	 0.0070 
0.17 	 0.0080 	 0.0074 
0.17 	 0.0080 	 0.0074 
0.17 	 0.0088 	 0.0074 
0.17 	 0.0088 	 0.0076 
0.17 	 0.0088 	 0.0076 
0.17 	 0.0072 	 0.0076 
0.17 	 0.0076 	 0.0078 
0.17 	 0.0076 	 0.0078 
0.17 	 0.0080 	 0.0078 
0.17 	 0.0084 	 0.0080 
0.17 	 0.0088 	 0.0080 
0.17 	 0.0088 	 0.0080 
0.17 	 0.0088 	 0.0082 
0.17 	 0.0100 	 0.0086 
0.17 	 0.0096 	 0.0086 
0.18 	 0.0088 	 0.0086 
0.18 	 0.0096 	 0.0088 
0.18 	 0.0088 	 0.0092 
0.18 	 0.0092 	 0.0092 
0.18 	 0.0092 	 0.0092 
0.18 	 0.0092 	 0.0094 
0.18 	 0.0092 	 0.0096 
0.18 	 0.0100 	 0.0096 
0.18 	 0.0092 	 0.0098 
0.18 	 0.0092 	 0.0098 
0.18 	 0.0104 	 0.0100 
0.18 	 0.0092 	 0.0100 
0.18 	 0.0084 	 0.0100 
0.18 	 0.0088 	 0.0100 
0.18 	 0.0092 	 0.0100 
0.18 	 0.0092 	 0.0100 
0.18 	 0.0096 	 0.0100 
0.18 	 0.0096 	 0.0102 
0.18 	 0.0112 	 0.0108 
0.18 	 0.0096 	 0.0108 
0.18 	 0.0100 	 0.0108 
0.19 	 0.0108 	 0.0110 
0.19 	 0.0112 	 0.0114 
0.19 	 0.0116 	 0.0114 
0.19 	 0.0112 	 0.0116 
0.19 	 0.0116 	 0.0118 
0.19 	 0.0100 	 0.0118 
0.19 	 0.0104 	 0.0120 
0.19 	 0.0108 	 0.0122 
0.19 	 0.0116 	 0.0124 
0.19 	 0.0120 	 0.0128 
0.19 	 0.0132 	 0.0130 
0.19 	 0.0128 	 0.0130 
0.19 	 0.0144 	 0.0132 
0.19 	 0.0124 	 0.0132 
0.19 	 0.0132 	 0.0132 
0.19 	 0.0128 	 0.0134 
0.19 	 0.0128 	 0.0134 
0.19 	 0.0128 	 0.0134 
0.19 	 0.0132 	 0.0136 
0.20 	 0.0144 	 0.0142 
0.20 	 0.0140 	 0.0142 
0.20 	 0.0140 	 0.0142 
0.20 	 0.0148 	 0.0144 
0.20 	 0.0156 	 0.0144 
0.20 	 0.0160 	 0.0146 
0.20 	 0.0152 	 0.0146 
0.20 	 0.0148 	 0.0146 
0.20 	 0.0140 	 0.0146 
0.20 	 0.0148 	 0.0146 
0.20 	 0.0152 	 0.0146 
0.20 	 0.0144 	 0.0146 
0.20 	 0.0152 	 0.0146 
0.20 	 0.0148 	 0.0146 
0.20 	 0.0140 	 0.0146 
0.20 	 0.0152 	 0.0150 
0.20 	 0.0144 	 0.0152 
0.20 	 0.0152 	 0.0154 
0.20 	 0.0160 	 0.0156 
0.20 	 0.0156 	 0.0158 
0.21 	 0.0156 	 0.0160 
0.21 	 0.0160 	 0.0162 
0.21 	 0.0164 	 0.0168 
0.21 	 0.0164 	 0.0168 
0.21 	 0.0160 	 0.0168 
0.21 	 0.0168 	 0.0170 
0.21 	 0.0172 	 0.0174 
0.21 	 0.0160 	 0.0176 
0.21 	 0.0168 	 0.0176 
0.21 	 0.0164 	 0.0176 
0.21 	 0.0172 	 0.0182 
0.21 	 0.0148 	 0.0182 
0.21 	 0.0176 	 0.0186 
0.21 	 0.0184 	 0.0190 
0.21 	 0.0176 	 0.0190 
0.21 	 0.0160 	 0.0190 
0.21 	 0.0168 	 0.0194 
0.21 	 0.0176 	 0.0196 
0.21 	 0.0184 	 0.0198 
0.21 	 0.0180 	 0.0200 
0.21 	 0.0168 	 0.0200 
0.22 	 0.0176 	 0.0200 
0.22 	 0.0176 	 0.0200 
0.22 	 0.0184 	 0.0200 
0.22 	 0.0200 	 0.0202 
0.22 	 0.0196 	 0.0206 
0.22 	 0.0192 	 0.0206 
0.22 	 0.0188 	 0.0206 
0.22 	 0.0200 	 0.0206 
0.22 	 0.0208 	 0.0206 
0.22 	 0.0188 	 0.0206 
0.22 	 0.0204 	 0.0206 
0.22 	 0.0196 	 0.0206 
0.22 	 0.0204 	 0.0208 
0.22 	 0.0204 	 0.0210 
0.22 	 0.0220 	 0.0214 
0.22 	 0.0216 	 0.0214 
0.22 	 0.0216 	 0.0214 
0.22 	 0.0208 	 0.0214 
0.22 	 0.0228 	 0.0218 
0.23 	 0.0224 	 0.0218 
0.23 	 0.0220 	 0.0218 
0.23 	 0.0236 	 0.0218 
0.23 	 0.0240 	 0.0220 
0.23 	 0.0228 	 0.0220 
0.23 	 0.0228 	 0.0220 
0.23 	 0.0236 	 0.0220 
0.23 	 0.0244 	 0.0224 
0.23 	 0.0248 	 0.0228 
0.23 	 0.0228 	 0.0228 
0.23 	 0.0232 	 0.0228 
0.23 	 0.0220 	 0.0228 
0.23 	 0.0240 	 0.0230 
0.23 	 0.0236 	 0.0230 
0.23 	 0.0244 	 0.0234 
0.23 	 0.0244 	 0.0234 
0.23 	 0.0256 	 0.0238 
0.23 	 0.0252 	 0.0240 
0.23 	 0.0252 	 0.0240 
0.23 	 0.0248 	 0.0240 
0.24 	 0.0256 	 0.0240 
0.24 	 0.0252 	 0.0242 
0.24 	 0.0252 	 0.0242 
0.24 	 0.0264 	 0.0244 
0.24 	 0.0256 	 0.0246 
0.24 	 0.0264 	 0.0246 
0.24 	 0.0252 	 0.0246 
0.24 	 0.0256 	 0.0248 
0.24 	 0.0252 	 0.0250 
0.24 	 0.0248 	 0.0252 
0.24 	 0.0248 	 0.0252 
0.24 	 0.0248 	 0.0254 
0.24 	 0.0252 	 0.0258 
0.24 	 0.0248 	 0.0258 
0.24 	 0.0252 	 0.0258 
0.24 	 0.0248 	 0.0260 
0.24 	 0.0260 	 0.0260 
0.24 	 0.0256 	 0.0260 
0.24 	 0.0272 	 0.0262 
0.24 	 0.0272 	 0.0266 
0.24 	 0.0280 	 0.0268 
0.25 	 0.0276 	 0.0268 
0.25 	 0.0284 	 0.0268 
0.25 	 0.0300 	 0.0270 
0.25 	 0.0292 	 0.0270 
0.25 	 0.0304 	 0.0274 
0.25 	 0.0312 	 0.0276 
0.25 	 0.0312 	 0.0280 
0.25 	 0.0336 	 0.0284 
0.25 	 0.0328 	 0.0284 
0.25 	 0.0328 	 0.0284 
0.25 	 0.0336 	 0.0288 
0.25 	 0.0332 	 0.0288 
0.25 	 0.0328 	 0.0288 
0.25 	 0.0344 	 0.0290 
0.25 	 0.0348 	 0.0290 
0.25 	 0.0340 	 0.0294 
0.25 	 0.0336 	 0.0296 
0.25 	 0.0340 	 0.0296 
0.25 	 0.0332 	 0.0298 
0.26 	 0.0332 	 0.0302 
0.26 	 0.0340 	 0.0304 
0.26 	 0.0340 	 0.0304 
0.26 	 0.0352 	 0.0306 
0.26 	 0.0360 	 0.0308 
0.26 	 0.0344 	 0.0308 
0.26 	 0.0340 	 0.0310 
0.26 	 0.0356 	 0.0314 
0.26 	 0.0356 	 0.0314 
0.26 	 0.0352 	 0.0314 
0.26 	 0.0348 	 0.0318 
0.26 	 0.0352 	 0.0322 
0.26 	 0.0356 	 0.0322 
0.26 	 0.0352 	 0.0324 
0.26 	 0.0360 	 0.0326 
0.26 	 0.0360 	 0.0326 
0.26 	 0.0372 	 0.0330 
0.26 	 0.0368 	 0.0330 
0.26 	 0.0372 	 0.0334 
0.26 	 0.0368 	 0.0336 
0.27 	 0.0372 	 0.0342 
0.27 	 0.0364 	 0.0344 
0.27 	 0.0360 	 0.0346 
0.27 	 0.0372 	 0.0346 
0.27 	 0.0380 	 0.0348 
0.27 	 0.0384 	 0.0350 
0.27 	 0.0384 	 0.0352 
0.27 	 0.0396 	 0.0354 
0.27 	 0.0400 	 0.0360 
0.27 	 0.0396 	 0.0364 
0.27 	 0.0408 	 0.0366 
0.27 	 0.0400 	 0.0366 
0.27 	 0.0416 	 0.0372 
0.27 	 0.0408 	 0.0376 
0.27 	 0.0412 	 0.0378 
0.27 	 0.0412 	 0.0378 
0.27 	 0.0424 	 0.0378 
0.27 	 0.0416 	 0.0378 
0.27 	 0.0408 	 0.0382 
0.27 	 0.0404 	 0.0382 
0.28 	 0.0428 	 0.0384 
0.28 	 0.0416 	 0.0384 
0.28 	 0.0444 	 0.0388 
0.28 	 0.0448 	 0.0390 
0.28 	 0.0448 	 0.0392 
0.28 	 0.0452 	 0.0396 
0.28 	 0.0452 	 0.0396 
0.28 	 0.0428 	 0.0396 
0.28 	 0.0424 	 0.0398 
0.28 	 0.0432 	 0.0400 
0.28 	 0.0432 	 0.0400 
0.28 	 0.0420 	 0.0400 
0.28 	 0.0428 	 0.0400 
0.28 	 0.0424 	 0.0400 
0.28 	 0.0448 	 0.0402 
0.28 	 0.0432 	 0.0402 
0.28 	 0.0452 	 0.0404 
0.28 	 0.0440 	 0.0404 
0.28 	 0.0436 	 0.0406 
0.28 	 0.0448 	 0.0410 
0.29 	 0.0440 	 0.0412 
0.29 	 0.0440 	 0.0412 
0.29 	 0.0444 	 0.0418 
0.29 	 0.0448 	 0.0418 
0.29 	 0.0440 	 0.0420 
0.29 	 0.0452 	 0.0424 
0.29 	 0.0440 	 0.0424 
0.29 	 0.0444 	 0.0424 
0.29 	 0.0436 	 0.0424 
0.29 	 0.0436 	 0.0424 
0.29 	 0.0448 	 0.0428 
0.29 	 0.0464 	 0.0428 
0.29 	 0.0480 	 0.0430 
0.29 	 0.0492 	 0.0432 
0.29 	 0.0436 	 0.0432 
0.29 	 0.0460 	 0.0434 
0.29 	 0.0440 	 0.0434 
0.29 	 0.0448 	 0.0434 
0.29 	 0.0480 	 0.0438 
0.29 	 0.0468 	 0.0440 
0.29 	 0.0456 	 0.0440 
0.30 	 0.0472 	 0.0444 
0.30 	 0.0468 	 0.0446 
0.30 	 0.0476 	 0.0448 
0.30 	 0.0496 	 0.0450 
0.30 	 0.0484 	 0.0450 
0.30 	 0.0496 	 0.0452 
0.30 	 0.0508 	 0.0452 
0.30 	 0.0476 	 0.0452 
0.30 	 0.0488 	 0.0458 
0.30 	 0.0472 	 0.0460 
0.30 	 0.0488 	 0.0462 
0.30 	 0.0500 	 0.0462 
0.30 	 0.0492 	 0.0466 
0.30 	 0.0512 	 0.0470 
0.30 	 0.0500 	 0.0472 
0.30 	 0.0484 	 0.0472 
0.30 	 0.0508 	 0.0472 
0.30 	 0.0512 	 0.0476 
0.30 	 0.0540 	 0.0486 
0.30 	 0.0532 	 0.0488 
0.31 	 0.0508 	 0.0490 
0.31 	 0.0524 	 0.0492 
0.31 	 0.0544 	 0.0494 
0.31 	 0.0556 	 0.0500 
0.31 	 0.0548 	 0.0502 
0.31 	 0.0544 	 0.0502 
0.31 	 0.0560 	 0.0504 
0.31 	 0.0568 	 0.0504 
0.31 	 0.0560 	 0.0506 
0.31 	 0.0584 	 0.0510 
0.31 	 0.0556 	 0.0510 
0.31 	 0.0560 	 0.0512 
0.31 	 0.0560 	 0.0512 
0.31 	 0.0552 	 0.0514 
0.31 	 0.0564 	 0.0514 
0.31 	 0.0564 	 0.0516 
0.31 	 0.0568 	 0.0520 
0.31 	 0.0572 	 0.0522 
0.31 	 0.0572 	 0.0526 
0.32 	 0.0572 	 0.0528 
0.32 	 0.0588 	 0.0530 
0.32 	 0.0592 	 0.0532 
0.32 	 0.0588 	 0.0532 
0.32 	 0.0592 	 0.0532 
0.32 	 0.0572 	 0.0532 
0.32 	 0.0580 	 0.0532 
0.32 	 0.0600 	 0.0538 
0.32 	 0.0576 	 0.0538 
0.32 	 0.0572 	 0.0542 
0.32 	 0.0552 	 0.0544 
0.32 	 0.0588 	 0.0546 
0.32 	 0.0568 	 0.0546 
0.32 	 0.0552 	 0.0548 
0.32 	 0.0572 	 0.0548 
0.32 	 0.0584 	 0.0548 
0.32 	 0.0584 	 0.0554 
0.32 	 0.0588 	 0.0554 
0.32 	 0.0604 	 0.0554 
0.32 	 0.0612 	 0.0560 
0.33 	 0.0640 	 0.0564 
0.33 	 0.0632 	 0.0572 
0.33 	 0.0616 	 0.0572 
0.33 	 0.0612 	 0.0574 
0.33 	 0.0616 	 0.0576 
0.33 	 0.0624 	 0.0576 
0.33 	 0.0628 	 0.0576 
0.33 	 0.0616 	 0.0576 
0.33 	 0.0608 	 0.0576 
0.33 	 0.0608 	 0.0576 
0.33 	 0.0608 	 0.0580 
0.33 	 0.0616 	 0.0584 
0.33 	 0.0632 	 0.0584 
0.33 	 0.0644 	 0.0584 
0.33 	 0.0644 	 0.0584 
0.33 	 0.0636 	 0.0586 
0.33 	 0.0632 	 0.0590 
0.33 	 0.0632 	 0.0592 
0.33 	 0.0652 	 0.0596 
0.33 	 0.0672 	 0.0600 
0.34 	 0.0664 	 0.0602 
0.34 	 0.0664 	 0.0602 
0.34 	 0.0688 	 0.0604 
0.34 	 0.0688 	 0.0604 
0.34 	 0.0656 	 0.0604 
0.34 	 0.0672 	 0.0606 
0.34 	 0.0672 	 0.0608 
0.34 	 0.0680 	 0.0612 
0.34 	 0.0656 	 0.0612 
0.34 	 0.0648 	 0.0612 
0.34 	 0.0648 	 0.0614 
0.34 	 0.0652 	 0.0614 
0.34 	 0.0664 	 0.0616 
0.34 	 0.0672 	 0.0620 
0.34 	 0.0676 	 0.0624 
0.34 	 0.0660 	 0.0624 
0.34 	 0.0692 	 0.0634 
0.34 	 0.0664 	 0.0634 
0.34 	 0.0704 	 0.0636 
0.34 	 0.0700 	 0.0642 
0.35 	 0.0704 	 0.0642 
0.35 	 0.0692 	 0.0642 
0.35 	 0.0676 	 0.0644 
0.35 	 0.0692 	 0.0646 
0.35 	 0.0704 	 0.0648 
0.35 	 0.0704 	 0.0654 
0.35 	 0.0696 	 0.0654 
0.35 	 0.0696 	 0.0658 
0.35 	 0.0684 	 0.0660 
0.35 	 0.0688 	 0.0662 
0.35 	 0.0688 	 0.0662 
0.35 	 0.0700 	 0.0662 
0.35 	 0.0696 	 0.0662 
0.35 	 0.0708 	 0.0664 
0.35 	 0.0712 	 0.0670 
0.35 	 0.0732 	 0.0674 
0.35 	 0.0708 	 0.0678 
0.35 	 0.0696 	 0.0678 
0.35 	 0.0712 	 0.0678 
0.35 	 0.0716 	 0.0682 
0.35 	 0.0684 	 0.0684 
0.36 	 0.0692 	 0.0686 
0.36 	 0.0692 	 0.0692 
0.36 	 0.0708 	 0.0692 
0.36 	 0.0708 	 0.0698 
0.36 	 0.0708 	 0.0698 
0.36 	 0.0720 	 0.0702 
0.36 	 0.0704 	 0.0702 
0.36 	 0.0720 	 0.0704 
0.36 	 0.0712 	 0.0706 
0.36 	 0.0704 	 0.0706 
0.36 	 0.0704 	 0.0708 
0.36 	 0.0696 	 0.0710 
0.36 	 0.0716 	 0.0710 
0.36 	 0.0716 	 0.0710 
0.36 	 0.0712 	 0.0710 
0.36 	 0.0744 	 0.0712 
0.36 	 0.0724 	 0.0712 
0.36 	 0.0740 	 0.0714 
0.36 	 0.0732 	 0.0716 
0.36 	 0.0720 	 0.0716 
0.37 	 0.0720 	 0.0720 
0.37 	 0.0744 	 0.0726 
0.37 	 0.0760 	 0.0730 
0.37 	 0.0756 	 0.0732 
0.37 	 0.0740 	 0.0734 
0.37 	 0.0760 	 0.0738 
0.37 	 0.0768 	 0.0740 
0.37 	 0.0764 	 0.0744 
0.37 	 0.0772 	 0.0746 
0.37 	 0.0796 	 0.0748 
0.37 	 0.0780 	 0.0748 
0.37 	 0.0780 	 0.0748 
0.37 	 0.0800 	 0.0748 
0.37 	 0.0808 	 0.0750 
0.37 	 0.0816 	 0.0754 
0.37 	 0.0820 	 0.0754 
0.37 	 0.0800 	 0.0754 
0.37 	 0.0800 	 0.0756 
0.37 	 0.0796 	 0.0756 
0.38 	 0.0796 	 0.0758 
0.38 	 0.0796 	 0.0760 
0.38 	 0.0788 	 0.0762 
0.38 	 0.0800 	 0.0764 
0.38 	 0.0808 	 0.0764 
0.38 	 0.0792 	 0.0768 
0.38 	 0.0804 	 0.0770 
0.38 	 0.0804 	 0.0770 
0.38 	 0.0816 	 0.0776 
0.38 	 0.0812 	 0.0780 
0.38 	 0.0812 	 0.0780 
0.38 	 0.0808 	 0.0782 
0.38 	 0.0800 	 0.0784 
0.38 	 0.0816 	 0.0788 
0.38 	 0.0820 	 0.0790 
0.38 	 0.0820 	 0.0792 
0.38 	 0.0836 	 0.0796 
0.38 	 0.0860 	 0.0798 
0.38 	 0.0840 	 0.0798 
0.38 	 0.0836 	 0.0800 
0.39 	 0.0828 	 0.0802 
0.39 	 0.0828 	 0.0802 
0.39 	 0.0828 	 0.0802 
0.39 	 0.0808 	 0.0802 
0.39 	 0.0784 	 0.0804 
0.39 	 0.0800 	 0.0806 
0.39 	 0.0820 	 0.0806 
0.39 	 0.0832 	 0.0818 
0.39 	 0.0840 	 0.0822 
0.39 	 0.0840 	 0.0824 
0.39 	 0.0824 	 0.0824 
0.39 	 0.0852 	 0.0824 
0.39 	 0.0856 	 0.0824 
0.39 	 0.0880 	 0.0828 
0.39 	 0.0860 	 0.0830 
0.39 	 0.0868 	 0.0832 
0.39 	 0.0836 	 0.0832 
0.39 	 0.0852 	 0.0834 
0.39 	 0.0860 	 0.0834 
0.39 	 0.0876 	 0.0836 
0.40 	 0.0880 	 0.0836 
0.40 	 0.0872 	 0.0836 
0.40 	 0.0884 	 0.0842 
0.40 	 0.0900 	 0.0848 
0.40 	 0.0900 	 0.0850 
0.40 	 0.0876 	 0.0850 
0.40 	 0.0876 	 0.0850 
0.40 	 0.0880 	 0.0852 
0.40 	 0.0872 	 0.0852 
0.40 	 0.0892 	 0.0858 
0.40 	 0.0888 	 0.0858 
0.40 	 0.0904 	 0.0862 
0.40 	 0.0904 	 0.0864 
0.40 	 0.0888 	 0.0866 
0.40 	 0.0896 	 0.0870 
0.40 	 0.0908 	 0.0872 
0.40 	 0.0904 	 0.0872 
0.40 	 0.0904 	 0.0874 
0.40 	 0.0908 	 0.0878 
0.40 	 0.0904 	 0.0878 
0.41 	 0.0896 	 0.0878 
0.41 	 0.0892 	 0.0878 
0.41 	 0.0896 	 0.0882 
0.41 	 0.0912 	 0.0884 
0.41 	 0.0928 	 0.0886 
0.41 	 0.0920 	 0.0888 
0.41 	 0.0920 	 0.0892 
0.41 	 0.0936 	 0.0894 
0.41 	 0.0900 	 0.0894 
0.41 	 0.0912 	 0.0896 
0.41 	 0.0908 	 0.0898 
0.41 	 0.0916 	 0.0898 
0.41 	 0.0908 	 0.0900 
0.41 	 0.0928 	 0.0904 
0.41 	 0.0920 	 0.0908 
0.41 	 0.0932 	 0.0912 
0.41 	 0.0932 	 0.0916 
0.41 	 0.0940 	 0.0920 
0.41 	 0.0936 	 0.0920 
0.41 	 0.0956 	 0.0924 
0.42 	 0.0956 	 0.0924 
0.42 	 0.0964 	 0.0928 
0.42 	 0.0960 	 0.0930 
0.42 	 0.0952 	 0.0930 
0.42 	 0.0952 	 0.0932 
0.42 	 0.0944 	 0.0934 
0.42 	 0.0940 	 0.0936 
0.42 	 0.0952 	 0.0938 
0.42 	 0.0948 	 0.0938 
0.42 	 0.0936 	 0.0938 
0.42 	 0.0944 	 0.0938 
0.42 	 0.0956 	 0.0940 
0.42 	 0.0944 	 0.0942 
0.42 	 0.0952 	 0.0944 
0.42 	 0.0960 	 0.0948 
0.42 	 0.0972 	 0.0950 
0.42 	 0.0968 	 0.0950 
0.42 	 0.0960 	 0.0950 
0.42 	 0.0968 	 0.0954 
0.42 	 0.0948 	 0.0954 
0.42 	 0.0944 	 0.0954 
0.43 	 0.0960 	 0.0956 
0.43 	 0.0948 	 0.0956 
0.43 	 0.0960 	 0.0958 
0.43 	 0.0972 	 0.0960 
0.43 	 0.0948 	 0.0960 
0.43 	 0.0944 	 0.0960 
0.43 	 0.0948 	 0.0960 
0.43 	 0.0948 	 0.0960 
0.43 	 0.0944 	 0.0960 
0.43 	 0.0932 	 0.0962 
0.43 	 0.0956 	 0.0966 
0.43 	 0.0948 	 0.0966 
0.43 	 0.0976 	 0.0970 
0.43 	 0.0960 	 0.0970 
0.43 	 0.0944 	 0.0970 
0.43 	 0.0968 	 0.0970 
0.43 	 0.0972 	 0.0970 
0.43 	 0.0980 	 0.0974 
0.43 	 0.0968 	 0.0974 
0.43 	 0.0960 	 0.0974 
0.44 	 0.0976 	 0.0976 
0.44 	 0.0968 	 0.0978 
0.44 	 0.0992 	 0.0982 
0.44 	 0.0984 	 0.0982 
0.44 	 0.0980 	 0.0986 
0.44 	 0.0972 	 0.0988 
0.44 	 0.0980 	 0.0988 
0.44 	 0.0964 	 0.0988 
0.44 	 0.0984 	 0.0992 
0.44 	 0.0976 	 0.0994 
0.44 	 0.0988 	 0.0996 
0.44 	 0.1008 	 0.1004 
0.44 	 0.1016 	 0.1006 
0.44 	 0.1016 	 0.1008 
0.44 	 0.1040 	 0.1008 
0.44 	 0.1020 	 0.1010 
0.44 	 0.1008 	 0.1012 
0.44 	 0.1036 	 0.1012 
0.44 	 0.1036 	 0.1012 
0.45 	 0.1036 	 0.1012 
0.45 	 0.1036 	 0.1012 
0.45 	 0.1016 	 0.1014 
0.45 	 0.1020 	 0.1014 
0.45 	 0.1008 	 0.1014 
0.45 	 0.0984 	 0.1014 
0.45 	 0.0996 	 0.1016 
0.45 	 0.1004 	 0.1016 
0.45 	 0.1008 	 0.1016 
0.45 	 0.0988 	 0.1018 
0.45 	 0.1004 	 0.1020 
0.45 	 0.1012 	 0.1022 
0.45 	 0.1024 	 0.1024 
0.45 	 0.1020 	 0.1024 
0.45 	 0.1016 	 0.1026 
0.45 	 0.1012 	 0.1028 
0.45 	 0.1028 	 0.1032 
0.45 	 0.1040 	 0.1036 
0.45 	 0.1060 	 0.1044 
0.45 	 0.1056 	 0.1044 
0.46 	 0.1056 	 0.1046 
0.46 	 0.1064 	 0.1046 
0.46 	 0.1064 	 0.1046 
0.46 	 0.1052 	 0.1050 
0.46 	 0.1060 	 0.1054 
0.46 	 0.1064 	 0.1056 
0.46 	 0.1072 	 0.1060 
0.46 	 0.1060 	 0.1060 
0.46 	 0.1072 	 0.1064 
0.46 	 0.1080 	 0.1068 
0.46 	 0.1068 	 0.1070 
0.46 	 0.1076 	 0.1074 
0.46 	 0.1076 	 0.1074 
0.46 	 0.1076 	 0.1076 
0.46 	 0.1084 	 0.1078 
0.46 	 0.1092 	 0.1082 
0.46 	 0.1088 	 0.1086 
0.46 	 0.1080 	 0.1086 
0.46 	 0.1112 	 0.1090 
0.46 	 0.1112 	 0.1092 
0.47 	 0.1112 	 0.1094 
0.47 	 0.1108 	 0.1094 
0.47 	 0.1096 	 0.1094 
0.47 	 0.1092 	 0.1094 
0.47 	 0.1084 	 0.1096 
0.47 	 0.1088 	 0.1098 
0.47 	 0.1100 	 0.1100 
0.47 	 0.1108 	 0.1100 
0.47 	 0.1084 	 0.1102 
0.47 	 0.1072 	 0.1102 
0.47 	 0.1108 	 0.1102 
0.47 	 0.1116 	 0.1106 
0.47 	 0.1112 	 0.1106 
0.47 	 0.1132 	 0.1106 
0.47 	 0.1152 	 0.1108 
0.47 	 0.1144 	 0.1112 
0.47 	 0.1168 	 0.1118 
0.47 	 0.1124 	 0.1124 
0.47 	 0.1144 	 0.1130 
0.47 	 0.1152 	 0.1132 
0.48 	 0.1156 	 0.1132 
0.48 	 0.1144 	 0.1132 
0.48 	 0.1168 	 0.1134 
0.48 	 0.1120 	 0.1134 
0.48 	 0.1128 	 0.1140 
0.48 	 0.1148 	 0.1140 
0.48 	 0.1156 	 0.1146 
0.48 	 0.1144 	 0.1148 
0.48 	 0.1172 	 0.1148 
0.48 	 0.1160 	 0.1150 
0.48 	 0.1172 	 0.1150 
0.48 	 0.1180 	 0.1156 
0.48 	 0.1208 	 0.1156 
0.48 	 0.1196 	 0.1160 
0.48 	 0.1180 	 0.1166 
0.48 	 0.1180 	 0.1166 
0.48 	 0.1176 	 0.1170 
0.48 	 0.1160 	 0.1170 
0.48 	 0.1176 	 0.1170 
0.48 	 0.1184 	 0.1172 
0.48 	 0.1176 	 0.1172 
0.49 	 0.1180 	 0.1172 
0.49 	 0.1176 	 0.1174 
0.49 	 0.1176 	 0.1174 
0.49 	 0.1204 	 0.1178 
0.49 	 0.1212 	 0.1184 
0.49 	 0.1208 	 0.1186 
0.49 	 0.1200 	 0.1186 
0.49 	 0.1224 	 0.1190 
0.49 	 0.1212 	 0.1194 
0.49 	 0.1212 	 0.1194 
0.49 	 0.1232 	 0.1196 
0.49 	 0.1208 	 0.1196 
0.49 	 0.1252 	 0.1204 
0.49 	 0.1232 	 0.1208 
0.49 	 0.1224 	 0.1208 
0.49 	 0.1252 	 0.1212 
0.49 	 0.1228 	 0.1214 
0.49 	 0.1232 	 0.1218 
0.49 	 0.1236 	 0.1220 
0.49 	 0.1244 	 0.1220 
0.50 	 0.1260 	 0.1220 
0.50 	 0.1236 	 0.1220 
0.50 	 0.1228 	 0.1220 
0.50 	 0.1220 	 0.1222 
0.50 	 0.1216 	 0.1222 
0.50 	 0.1212 	 0.1228 
0.50 	 0.1204 	 0.1228 
0.50 	 0.1224 	 0.1228 
0.50 	 0.1208 	 0.1228 
0.50 	 0.1180 	 0.1230 
0.50 	 0.1180 	 0.1232 
0.50 	 0.1188 	 0.1238 
0.50 	 0.1196 	 0.1240 
0.50 	 0.1220 	 0.1246 
0.50 	 0.1240 	 0.1250 
0.50 	 0.1224 	 0.1252 
0.50 	 0.1232 	 0.1252 
0.50 	 0.1236 	 0.1254 
0.50 	 0.1244 	 0.1258 
0.51 	 0.1268 	 0.1262 
0.51 	 0.1308 	 0.1264 
0.51 	 0.1288 	 0.1264 
0.51 	 0.1288 	 0.1264 
0.51 	 0.1292 	 0.1266 
0.51 	 0.1304 	 0.1268 
0.51 	 0.1284 	 0.1270 
0.51 	 0.1264 	 0.1270 
0.51 	 0.1300 	 0.1278 
0.51 	 0.1308 	 0.1282 
0.51 	 0.1300 	 0.1284 
0.51 	 0.1284 	 0.1286 
0.51 	 0.1296 	 0.1288 
0.51 	 0.1300 	 0.1290 
0.51 	 0.1288 	 0.1290 
0.51 	 0.1312 	 0.1296 
0.51 	 0.1284 	 0.1296 
0.51 	 0.1288 	 0.1296 
0.51 	 0.1296 	 0.1302 
0.51 	 0.1312 	 0.1304 
0.52 	 0.1320 	 0.1304 
0.52 	 0.1308 	 0.1306 
0.52 	 0.1296 	 0.1306 
0.52 	 0.1324 	 0.1310 
0.52 	 0.1344 	 0.1310 
0.52 	 0.1348 	 0.1316 
0.52 	 0.1340 	 0.1318 
0.52 	 0.1344 	 0.1318 
0.52 	 0.1340 	 0.1322 
0.52 	 0.1336 	 0.1322 
0.52 	 0.1324 	 0.1322 
0.52 	 0.1332 	 0.1326 
0.52 	 0.1348 	 0.1328 
0.52 	 0.1360 	 0.1332 
0.52 	 0.1348 	 0.1336 
0.52 	 0.1356 	 0.1338 
0.52 	 0.1364 	 0.1338 
0.52 	 0.1372 	 0.1342 
0.52 	 0.1352 	 0.1342 
0.52 	 0.1332 	 0.1342 
0.53 	 0.1336 	 0.1342 
0.53 	 0.1356 	 0.1346 
0.53 	 0.1372 	 0.1350 
0.53 	 0.1372 	 0.1350 
0.53 	 0.1384 	 0.1352 
0.53 	 0.1380 	 0.1356 
0.53 	 0.1400 	 0.1356 
0.53 	 0.1384 	 0.1358 
0.53 	 0.1380 	 0.1358 
0.53 	 0.1380 	 0.1358 
0.53 	 0.1380 	 0.1358 
0.53 	 0.1388 	 0.1358 
0.53 	 0.1344 	 0.1362 
0.53 	 0.1376 	 0.1370 
0.53 	 0.1376 	 0.1372 
0.53 	 0.1380 	 0.1372 
0.53 	 0.1388 	 0.1374 
0.53 	 0.1404 	 0.1376 
0.53 	 0.1384 	 0.1378 
0.53 	 0.1396 	 0.1380 
0.54 	 0.1388 	 0.1382 
0.54 	 0.1404 	 0.1384 
0.54 	 0.1412 	 0.1384 
0.54 	 0.1428 	 0.1386 
0.54 	 0.1420 	 0.1390 
0.54 	 0.1424 	 0.1392 
0.54 	 0.1428 	 0.1392 
0.54 	 0.1440 	 0.1396 
0.54 	 0.1420 	 0.1398 
0.54 	 0.1420 	 0.1400 
0.54 	 0.1412 	 0.1400 
0.54 	 0.1408 	 0.1400 
0.54 	 0.1396 	 0.1404 
0.54 	 0.1412 	 0.1418 
0.54 	 0.1412 	 0.1420 
0.54 	 0.1416 	 0.1422 
0.54 	 0.1412 	 0.1424 
0.54 	 0.1416 	 0.1426 
0.54 	 0.1428 	 0.1428 
0.54 	 0.1432 	 0.1430 
0.55 	 0.1428 	 0.1430 
0.55 	 0.1412 	 0.1430 
0.55 	 0.1436 	 0.1430 
0.55 	 0.1436 	 0.1430 
0.55 	 0.1428 	 0.1434 
0.55 	 0.1452 	 0.1442 
0.55 	 0.1424 	 0.1442 
0.55 	 0.1432 	 0.1442 
0.55 	 0.1424 	 0.1442 
0.55 	 0.1436 	 0.1446 
0.55 	 0.1436 	 0.1446 
0.55 	 0.1420 	 0.1446 
0.55 	 0.1404 	 0.1448 
0.55 	 0.1416 	 0.1450 
0.55 	 0.1444 	 0.1452 
0.55 	 0.1444 	 0.1456 
0.55 	 0.1472 	 0.1456 
0.55 	 0.1436 	 0.1460 
0.55 	 0.1444 	 0.1460 
0.55 	 0.1424 	 0.1460 
0.56 	 0.1452 	 0.1462 
0.56 	 0.1448 	 0.1462 
0.56 	 0.1452 	 0.1464 
0.56 	 0.1456 	 0.1464 
0.56 	 0.1444 	 0.1466 
0.56 	 0.1444 	 0.1468 
0.56 	 0.1436 	 0.1470 
0.56 	 0.1432 	 0.1474 
0.56 	 0.1448 	 0.1478 
0.56 	 0.1416 	 0.1478 
0.56 	 0.1448 	 0.1480 
0.56 	 0.1428 	 0.1480 
0.56 	 0.1432 	 0.1482 
0.56 	 0.1424 	 0.1484 
0.56 	 0.1420 	 0.1484 
0.56 	 0.1436 	 0.1486 
0.56 	 0.1428 	 0.1488 
0.56 	 0.1408 	 0.1488 
0.56 	 0.1412 	 0.1492 
0.56 	 0.1416 	 0.1492 
0.57 	 0.1412 	 0.1492 
0.57 	 0.1428 	 0.1498 
0.57 	 0.1436 	 0.1498 
0.57 	 0.1432 	 0.1498 
0.57 	 0.1448 	 0.1500 
0.57 	 0.1428 	 0.1500 
0.57 	 0.1452 	 0.1504 
0.57 	 0.1448 	 0.1506 
0.57 	 0.1460 	 0.1508 
0.57 	 0.1456 	 0.1508 
0.57 	 0.1456 	 0.1514 
0.57 	 0.1456 	 0.1518 
0.57 	 0.1468 	 0.1520 
0.57 	 0.1476 	 0.1526 
0.57 	 0.1468 	 0.1526 
0.57 	 0.1472 	 0.1528 
0.57 	 0.1452 	 0.1530 
0.57 	 0.1468 	 0.1532 
0.57 	 0.1456 	 0.1532 
0.57 	 0.1476 	 0.1534 
0.58 	 0.1468 	 0.1536 
0.58 	 0.1472 	 0.1538 
0.58 	 0.1492 	 0.1538 
0.58 	 0.1484 	 0.1538 
0.58 	 0.1508 	 0.1544 
0.58 	 0.1500 	 0.1544 
0.58 	 0.1504 	 0.1544 
0.58 	 0.1504 	 0.1546 
0.58 	 0.1512 	 0.1552 
0.58 	 0.1532 	 0.1556 
0.58 	 0.1524 	 0.1556 
0.58 	 0.1532 	 0.1556 
0.58 	 0.1512 	 0.1558 
0.58 	 0.1508 	 0.1558 
0.58 	 0.1520 	 0.1560 
0.58 	 0.1504 	 0.1560 
0.58 	 0.1532 	 0.1562 
0.58 	 0.1540 	 0.1564 
0.58 	 0.1540 	 0.1564 
0.58 	 0.1548 	 0.1570 
0.58 	 0.1528 	 0.1570 
0.59 	 0.1548 	 0.1578 
0.59 	 0.1556 	 0.1578 
0.59 	 0.1564 	 0.1580 
0.59 	 0.1568 	 0.1582 
0.59 	 0.1544 	 0.1582 
0.59 	 0.1572 	 0.1584 
0.59 	 0.1560 	 0.1586 
0.59 	 0.1564 	 0.1588 
0.59 	 0.1560 	 0.1594 
0.59 	 0.1552 	 0.1598 
0.59 	 0.1560 	 0.1600 
0.59 	 0.1568 	 0.1602 
0.59 	 0.1556 	 0.1602 
0.59 	 0.1576 	 0.1608 
0.59 	 0.1612 	 0.1610 
0.59 	 0.1592 	 0.1610 
0.59 	 0.1584 	 0.1612 
0.59 	 0.1592 	 0.1614 
0.59 	 0.1588 	 0.1620 
0.59 	 0.1588 	 0.1620 
0.60 	 0.1608 	 0.1620 
0.60 	 0.1608 	 0.1624 
0.60 	 0.1584 	 0.1626 
0.60 	 0.1608 	 0.1630 
0.60 	 0.1580 	 0.1630 
0.60 	 0.1604 	 0.1630 
0.60 	 0.1588 	 0.1630 
0.60 	 0.1608 	 0.1634 
0.60 	 0.1580 	 0.1636 
0.60 	 0.1576 	 0.1640 
0.60 	 0.1580 	 0.1640 
0.60 	 0.1596 	 0.1640 
0.60 	 0.1592 	 0.1640 
0.60 	 0.1604 	 0.1642 
0.60 	 0.1612 	 0.1644 
0.60 	 0.1588 	 0.1644 
0.60 	 0.1600 	 0.1644 
0.60 	 0.1588 	 0.1652 
0.60 	 0.1616 	 0.1654 
0.60 	 0.1604 	 0.1654 
0.61 	 0.1624 	 0.1658 
0.61 	 0.1624 	 0.1658 
0.61 	 0.1616 	 0.1662 
0.61 	 0.1612 	 0.1664 
0.61 	 0.1612 	 0.1664 
0.61 	 0.1624 	 0.1670 
0.61 	 0.1628 	 0.1670 
0.61 	 0.1612 	 0.1672 
0.61 	 0.1612 	 0.1674 
0.61 	 0.1648 	 0.1674 
0.61 	 0.1616 	 0.1674 
0.61 	 0.1636 	 0.1680 
0.61 	 0.1660 	 0.1684 
0.61 	 0.1612 	 0.1686 
0.61 	 0.1632 	 0.1686 
0.61 	 0.1640 	 0.1692 
0.61 	 0.1616 	 0.1692 
0.61 	 0.1624 	 0.1694 
0.61 	 0.1640 	 0.1694 
0.61 	 0.1620 	 0.1694 
0.62 	 0.1632 	 0.1698 
0.62 	 0.1616 	 0.1698 
0.62 	 0.1656 	 0.1698 
0.62 	 0.1624 	 0.1698 
0.62 	 0.1604 	 0.1698 
0.62 	 0.1640 	 0.1698 
0.62 	 0.1656 	 0.1698 
0.62 	 0.1660 	 0.1698 
0.62 	 0.1656 	 0.1698 
0.62 	 0.1644 	 0.1698 
0.62 	 0.1652 	 0.1704 
0.62 	 0.1640 	 0.1704 
0.62 	 0.1656 	 0.1704 
0.62 	 0.1644 	 0.1708 
0.62 	 0.1640 	 0.1710 
0.62 	 0.1632 	 0.1710 
0.62 	 0.1628 	 0.1710 
0.62 	 0.1612 	 0.1710 
0.62 	 0.1596 	 0.1712 
0.62 	 0.1608 	 0.1712 
0.63 	 0.1624 	 0.1712 
0.63 	 0.1604 	 0.1714 
0.63 	 0.1640 	 0.1718 
0.63 	 0.1628 	 0.1720 
0.63 	 0.1620 	 0.1724 
0.63 	 0.1632 	 0.1728 
0.63 	 0.1640 	 0.1730 
0.63 	 0.1652 	 0.1730 
0.63 	 0.1668 	 0.1732 
0.63 	 0.1668 	 0.1732 
0.63 	 0.1664 	 0.1732 
0.63 	 0.1644 	 0.1732 
0.63 	 0.1652 	 0.1734 
0.63 	 0.1660 	 0.1734 
0.63 	 0.1688 	 0.1742 
0.63 	 0.1652 	 0.1742 
0.63 	 0.1644 	 0.1742 
0.63 	 0.1692 	 0.1746 
0.63 	 0.1700 	 0.1746 
0.64 	 0.1716 	 0.1752 
0.64 	 0.1676 	 0.1756 
0.64 	 0.1668 	 0.1758 
0.64 	 0.1672 	 0.1758 
0.64 	 0.1684 	 0.1760 
0.64 	 0.1684 	 0.1760 
0.64 	 0.1676 	 0.1760 
0.64 	 0.1696 	 0.1762 
0.64 	 0.1692 	 0.1764 
0.64 	 0.1700 	 0.1766 
0.64 	 0.1712 	 0.1768 
0.64 	 0.1708 	 0.1768 
0.64 	 0.1732 	 0.1768 
0.64 	 0.1740 	 0.1770 
0.64 	 0.1732 	 0.1772 
0.64 	 0.1740 	 0.1772 
0.64 	 0.1768 	 0.1774 
0.64 	 0.1772 	 0.1776 
0.64 	 0.1748 	 0.1776 
0.64 	 0.1776 	 0.1778 
0.65 	 0.1772 	 0.1780 
0.65 	 0.1776 	 0.1782 
0.65 	 0.1780 	 0.1786 
0.65 	 0.1748 	 0.1786 
0.65 	 0.1752 	 0.1788 
0.65 	 0.1808 	 0.1792 
0.65 	 0.1812 	 0.1794 
0.65 	 0.1812 	 0.1796 
0.65 	 0.1824 	 0.1798 
0.65 	 0.1828 	 0.1800 
0.65 	 0.1840 	 0.1802 
0.65 	 0.1836 	 0.1802 
0.65 	 0.1808 	 0.1804 
0.65 	 0.1848 	 0.1812 
0.65 	 0.1852 	 0.1814 
0.65 	 0.1832 	 0.1820 
0.65 	 0.1832 	 0.1822 
0.65 	 0.1828 	 0.1824 
0.65 	 0.1828 	 0.1824 
0.65 	 0.1828 	 0.1826 
0.66 	 0.1824 	 0.1828 
0.66 	 0.1832 	 0.1832 
0.66 	 0.1832 	 0.1832 
0.66 	 0.1832 	 0.1832 
0.66 	 0.1844 	 0.1832 
0.66 	 0.1840 	 0.1832 
0.66 	 0.1848 	 0.1836 
0.66 	 0.1844 	 0.1840 
0.66 	 0.1844 	 0.1844 
0.66 	 0.1844 	 0.1846 
0.66 	 0.1848 	 0.1852 
0.66 	 0.1856 	 0.1854 
0.66 	 0.1824 	 0.1856 
0.66 	 0.1824 	 0.1856 
0.66 	 0.1836 	 0.1858 
0.66 	 0.1828 	 0.1860 
0.66 	 0.1828 	 0.1862 
0.66 	 0.1816 	 0.1862 
0.66 	 0.1836 	 0.1864 
0.66 	 0.1812 	 0.1866 
0.67 	 0.1816 	 0.1872 
0.67 	 0.1844 	 0.1872 
0.67 	 0.1820 	 0.1874 
0.67 	 0.1820 	 0.1878 
0.67 	 0.1796 	 0.1878 
0.67 	 0.1832 	 0.1880 
0.67 	 0.1824 	 0.1884 
0.67 	 0.1828 	 0.1884 
0.67 	 0.1816 	 0.1886 
0.67 	 0.1808 	 0.1886 
0.67 	 0.1780 	 0.1890 
0.67 	 0.1788 	 0.1890 
0.67 	 0.1820 	 0.1892 
0.67 	 0.1816 	 0.1892 
0.67 	 0.1800 	 0.1894 
0.67 	 0.1804 	 0.1896 
0.67 	 0.1824 	 0.1896 
0.67 	 0.1820 	 0.1896 
0.67 	 0.1840 	 0.1902 
0.67 	 0.1844 	 0.1904 
0.68 	 0.1852 	 0.1904 
0.68 	 0.1844 	 0.1908 
0.68 	 0.1828 	 0.1910 
0.68 	 0.1860 	 0.1914 
0.68 	 0.1840 	 0.1914 
0.68 	 0.1876 	 0.1916 
0.68 	 0.1876 	 0.1916 
0.68 	 0.1900 	 0.1916 
0.68 	 0.1896 	 0.1918 
0.68 	 0.1892 	 0.1920 
0.68 	 0.1892 	 0.1920 
0.68 	 0.1888 	 0.1924 
0.68 	 0.1912 	 0.1928 
0.68 	 0.1900 	 0.1928 
0.68 	 0.1920 	 0.1928 
0.68 	 0.1912 	 0.1928 
0.68 	 0.1916 	 0.1930 
0.68 	 0.1944 	 0.1932 
0.68 	 0.1932 	 0.1934 
0.68 	 0.1932 	 0.1936 
0.69 	 0.1928 	 0.1940 
0.69 	 0.1932 	 0.1942 
0.69 	 0.1932 	 0.1942 
0.69 	 0.1932 	 0.1944 
0.69 	 0.1932 	 0.1950 
0.69 	 0.1940 	 0.1952 
0.69 	 0.1936 	 0.1956 
0.69 	 0.1956 	 0.1958 
0.69 	 0.1988 	 0.1960 
0.69 	 0.1972 	 0.1962 
0.69 	 0.1960 	 0.1966 
0.69 	 0.1964 	 0.1966 
0.69 	 0.1964 	 0.1968 
0.69 	 0.2000 	 0.1968 
0.69 	 0.1972 	 0.1970 
0.69 	 0.1964 	 0.1972 
0.69 	 0.2000 	 0.1972 
0.69 	 0.2008 	 0.1976 
0.69 	 0.1988 	 0.1978 
0.69 	 0.2000 	 0.1982 
0.70 	 0.2028 	 0.1984 
0.70 	 0.2024 	 0.1986 
0.70 	 0.2028 	 0.1990 
0.70 	 0.2060 	 0.1998 
0.70 	 0.2048 	 0.2000 
0.70 	 0.2044 	 0.2002 
0.70 	 0.2044 	 0.2002 
0.70 	 0.2016 	 0.2002 
0.70 	 0.2032 	 0.2006 
0.70 	 0.1996 	 0.2006 
0.70 	 0.2000 	 0.2006 
0.70 	 0.2016 	 0.2006 
0.70 	 0.2024 	 0.2008 
0.70 	 0.2024 	 0.2014 
0.70 	 0.2016 	 0.2016 
0.70 	 0.2024 	 0.2018 
0.70 	 0.2028 	 0.2020 
0.70 	 0.2024 	 0.2020 
0.70 	 0.2056 	 0.2022 
0.70 	 0.2044 	 0.2022 
0.70 	 0.2012 	 0.2024 
0.71 	 0.2000 	 0.2024 
0.71 	 0.2028 	 0.2028 
0.71 	 0.2024 	 0.2028 
0.71 	 0.2024 	 0.2030 
0.71 	 0.2032 	 0.2030 
0.71 	 0.2032 	 0.2034 
0.71 	 0.2032 	 0.2034 
0.71 	 0.1992 	 0.2034 
0.71 	 0.2004 	 0.2034 
0.71 	 0.2020 	 0.2040 
0.71 	 0.2028 	 0.2044 
0.71 	 0.2036 	 0.2044 
0.71 	 0.2048 	 0.2046 
0.71 	 0.2024 	 0.2048 
0.71 	 0.2028 	 0.2048 
0.71 	 0.2028 	 0.2048 
0.71 	 0.2028 	 0.2050 
0.71 	 0.2036 	 0.2052 
0.71 	 0.2052 	 0.2052 
0.71 	 0.2060 	 0.2052 
0.72 	 0.2088 	 0.2052 
0.72 	 0.2076 	 0.2054 
0.72 	 0.2064 	 0.2056 
0.72 	 0.2044 	 0.2058 
0.72 	 0.2056 	 0.2058 
0.72 	 0.2060 	 0.2062 
0.72 	 0.2036 	 0.2062 
0.72 	 0.2052 	 0.2064 
0.72 	 0.2064 	 0.2064 
0.72 	 0.2060 	 0.2066 
0.72 	 0.2068 	 0.2066 
0.72 	 0.2056 	 0.2068 
0.72 	 0.2060 	 0.2070 
0.72 	 0.2072 	 0.2070 
0.72 	 0.2052 	 0.2070 
0.72 	 0.2064 	 0.2070 
0.72 	 0.2056 	 0.2070 
0.72 	 0.2056 	 0.2074 
0.72 	 0.2064 	 0.2074 
0.72 	 0.2092 	 0.2076 
0.73 	 0.2072 	 0.2076 
0.73 	 0.2024 	 0.2076 
0.73 	 0.2052 	 0.2078 
0.73 	 0.2096 	 0.2078 
0.73 	 0.2076 	 0.2080 
0.73 	 0.2088 	 0.2080 
0.73 	 0.2064 	 0.2082 
0.73 	 0.2076 	 0.2082 
0.73 	 0.2108 	 0.2084 
0.73 	 0.2084 	 0.2084 
0.73 	 0.2072 	 0.2086 
0.73 	 0.2060 	 0.2086 
0.73 	 0.2068 	 0.2092 
0.73 	 0.2100 	 0.2094 
0.73 	 0.2092 	 0.2096 
0.73 	 0.2096 	 0.2096 
0.73 	 0.2092 	 0.2096 
0.73 	 0.2064 	 0.2096 
0.73 	 0.2084 	 0.2100 
0.73 	 0.2060 	 0.2100 
0.74 	 0.2084 	 0.2100 
0.74 	 0.2072 	 0.2102 
0.74 	 0.2092 	 0.2104 
0.74 	 0.2088 	 0.2104 
0.74 	 0.2080 	 0.2110 
0.74 	 0.2100 	 0.2112 
0.74 	 0.2092 	 0.2114 
0.74 	 0.2072 	 0.2116 
0.74 	 0.2084 	 0.2118 
0.74 	 0.2092 	 0.2122 
0.74 	 0.2116 	 0.2126 
0.74 	 0.2088 	 0.2128 
0.74 	 0.2076 	 0.2128 
0.74 	 0.2092 	 0.2128 
0.74 	 0.2108 	 0.2130 
0.74 	 0.2116 	 0.2130 
0.74 	 0.2144 	 0.2134 
0.74 	 0.2136 	 0.2134 
0.74 	 0.2152 	 0.2134 
0.74 	 0.2148 	 0.2136 
0.75 	 0.2164 	 0.2140 
0.75 	 0.2164 	 0.2140 
0.75 	 0.2160 	 0.2140 
0.75 	 0.2152 	 0.2140 
0.75 	 0.2184 	 0.2140 
0.75 	 0.2176 	 0.2146 
0.75 	 0.2180 	 0.2148 
0.75 	 0.2200 	 0.2150 
0.75 	 0.2196 	 0.2154 
0.75 	 0.2192 	 0.2154 
0.75 	 0.2212 	 0.2154 
0.75 	 0.2224 	 0.2156 
0.75 	 0.2204 	 0.2162 
0.75 	 0.2184 	 0.2162 
0.75 	 0.2188 	 0.2162 
0.75 	 0.2196 	 0.2164 
0.75 	 0.2180 	 0.2166 
0.75 	 0.2180 	 0.2168 
0.75 	 0.2188 	 0.2170 
0.76 	 0.2200 	 0.2174 
0.76 	 0.2204 	 0.2176 
0.76 	 0.2216 	 0.2178 
0.76 	 0.2192 	 0.2178 
0.76 	 0.2216 	 0.2178 
0.76 	 0.2204 	 0.2178 
0.76 	 0.2176 	 0.2180 
0.76 	 0.2196 	 0.2180 
0.76 	 0.2228 	 0.2182 
0.76 	 0.2232 	 0.2186 
0.76 	 0.2192 	 0.2190 
0.76 	 0.2208 	 0.2190 
0.76 	 0.2212 	 0.2194 
0.76 	 0.2224 	 0.2198 
0.76 	 0.2216 	 0.2198 
0.76 	 0.2228 	 0.2200 
0.76 	 0.2212 	 0.2200 
0.76 	 0.2224 	 0.2200 
0.76 	 0.2220 	 0.2204 
0.76 	 0.2204 	 0.2206 
0.77 	 0.2232 	 0.2208 
0.77 	 0.2236 	 0.2208 
0.77 	 0.2232 	 0.2214 
0.77 	 0.2236 	 0.2216 
0.77 	 0.2220 	 0.2216 
0.77 	 0.2256 	 0.2218 
0.77 	 0.2240 	 0.2218 
0.77 	 0.2224 	 0.2218 
0.77 	 0.2236 	 0.2220 
0.77 	 0.2216 	 0.2220 
0.77 	 0.2228 	 0.2220 
0.77 	 0.2236 	 0.2220 
0.77 	 0.2248 	 0.2220 
0.77 	 0.2232 	 0.2220 
0.77 	 0.2248 	 0.2220 
0.77 	 0.2256 	 0.2222 
0.77 	 0.2280 	 0.2228 
0.77 	 0.2284 	 0.2228 
0.77 	 0.2252 	 0.2228 
0.77 	 0.2284 	 0.2230 
0.78 	 0.2264 	 0.2230 
0.78 	 0.2292 	 0.2234 
0.78 	 0.2296 	 0.2234 
0.78 	 0.2320 	 0.2238 
0.78 	 0.2288 	 0.2238 
0.78 	 0.2276 	 0.2238 
0.78 	 0.2276 	 0.2240 
0.78 	 0.2284 	 0.2240 
0.78 	 0.2300 	 0.2242 
0.78 	 0.2260 	 0.2246 
0.78 	 0.2276 	 0.2248 
0.78 	 0.2288 	 0.2250 
0.78 	 0.2280 	 0.2252 
0.78 	 0.2284 	 0.2252 
0.78 	 0.2280 	 0.2254 
0.78 	 0.2248 	 0.2254 
0.78 	 0.2268 	 0.2258 
0.78 	 0.2284 	 0.2260 
0.78 	 0.2288 	 0.2260 
0.78 	 0.2316 	 0.2262 
0.79 	 0.2300 	 0.2264 
0.79 	 0.2316 	 0.2264 
0.79 	 0.2308 	 0.2264 
0.79 	 0.2304 	 0.2266 
0.79 	 0.2300 	 0.2268 
0.79 	 0.2300 	 0.2270 
0.79 	 0.2328 	 0.2274 
0.79 	 0.2340 	 0.2278 
0.79 	 0.2352 	 0.2282 
0.79 	 0.2356 	 0.2286 
0.79 	 0.2332 	 0.2288 
0.79 	 0.2332 	 0.2288 
0.79 	 0.2344 	 0.2288 
0.79 	 0.2324 	 0.2290 
0.79 	 0.2340 	 0.2292 
0.79 	 0.2372 	 0.2294 
0.79 	 0.2356 	 0.2300 
0.79 	 0.2364 	 0.2302 
0.79 	 0.2364 	 0.2306 
0.79 	 0.2352 	 0.2306 
0.80 	 0.2332 	 0.2306 
0.80 	 0.2360 	 0.2316 
0.80 	 0.2364 	 0.2318 
0.80 	 0.2356 	 0.2318 
0.80 	 0.2356 	 0.2318 
0.80 	 0.2368 	 0.2320 
0.80 	 0.2372 	 0.2324 
0.80 	 0.2380 	 0.2326 
0.80 	 0.2392 	 0.2328 
0.80 	 0.2416 	 0.2332 
0.80 	 0.2396 	 0.2332 
0.80 	 0.2412 	 0.2334 
0.80 	 0.2404 	 0.2334 
0.80 	 0.2416 	 0.2334 
0.80 	 0.2436 	 0.2336 
0.80 	 0.2404 	 0.2336 
0.80 	 0.2432 	 0.2336 
0.80 	 0.2416 	 0.2336 
0.80 	 0.2412 	 0.2336 
0.80 	 0.2444 	 0.2342 
0.81 	 0.2444 	 0.2342 
0.81 	 0.2444 	 0.2342 
0.81 	 0.2464 	 0.2350 
0.81 	 0.2452 	 0.2350 
0.81 	 0.2436 	 0.2350 
0.81 	 0.2448 	 0.2350 
0.81 	 0.2444 	 0.2352 
0.81 	 0.2468 	 0.2352 
0.81 	 0.2416 	 0.2352 
0.81 	 0.2412 	 0.2354 
0.81 	 0.2372 	 0.2354 
0.81 	 0.2384 	 0.2356 
0.81 	 0.2388 	 0.2356 
0.81 	 0.2404 	 0.2358 
0.81 	 0.2388 	 0.2358 
0.81 	 0.2388 	 0.2358 
0.81 	 0.2364 	 0.2358 
0.81 	 0.2388 	 0.2360 
0.81 	 0.2380 	 0.2360 
0.81 	 0.2384 	 0.2362 
0.82 	 0.2360 	 0.2362 
0.82 	 0.2384 	 0.2364 
0.82 	 0.2360 	 0.2364 
0.82 	 0.2360 	 0.2366 
0.82 	 0.2384 	 0.2368 
0.82 	 0.2384 	 0.2370 
0.82 	 0.2396 	 0.2370 
0.82 	 0.2388 	 0.2370 
0.82 	 0.2372 	 0.2372 
0.82 	 0.2356 	 0.2372 
0.82 	 0.2384 	 0.2376 
0.82 	 0.2364 	 0.2376 
0.82 	 0.2384 	 0.2376 
0.82 	 0.2348 	 0.2378 
0.82 	 0.2348 	 0.2378 
0.82 	 0.2380 	 0.2380 
0.82 	 0.2404 	 0.2380 
0.82 	 0.2396 	 0.2384 
0.82 	 0.2396 	 0.2386 
0.82 	 0.2416 	 0.2392 
0.83 	 0.2412 	 0.2392 
0.83 	 0.2396 	 0.2392 
0.83 	 0.2440 	 0.2392 
0.83 	 0.2420 	 0.2394 
0.83 	 0.2436 	 0.2398 
0.83 	 0.2428 	 0.2404 
0.83 	 0.2424 	 0.2404 
0.83 	 0.2440 	 0.2406 
0.83 	 0.2456 	 0.2408 
0.83 	 0.2476 	 0.2410 
0.83 	 0.2456 	 0.2410 
0.83 	 0.2464 	 0.2410 
0.83 	 0.2472 	 0.2412 
0.83 	 0.2456 	 0.2414 
0.83 	 0.2420 	 0.2418 
0.83 	 0.2428 	 0.2418 
0.83 	 0.2404 	 0.2418 
0.83 	 0.2432 	 0.2418 
0.83 	 0.2436 	 0.2418 
0.83 	 0.2444 	 0.2422 
0.83 	 0.2448 	 0.2424 
0.84 	 0.2456 	 0.2426 
0.84 	 0.2464 	 0.2428 
0.84 	 0.2444 	 0.2428 
0.84 	 0.2420 	 0.2428 
0.84 	 0.2448 	 0.2432 
0.84 	 0.2432 	 0.2436 
0.84 	 0.2444 	 0.2436 
0.84 	 0.2452 	 0.2440 
0.84 	 0.2416 	 0.2444 
0.84 	 0.2420 	 0.2444 
0.84 	 0.2444 	 0.2446 
0.84 	 0.2460 	 0.2450 
0.84 	 0.2464 	 0.2450 
0.84 	 0.2468 	 0.2450 
0.84 	 0.2444 	 0.2450 
0.84 	 0.2444 	 0.2450 
0.84 	 0.2436 	 0.2450 
0.84 	 0.2424 	 0.2450 
0.84 	 0.2440 	 0.2452 
0.84 	 0.2444 	 0.2452 
0.85 	 0.2444 	 0.2454 
0.85 	 0.2476 	 0.2456 
0.85 	 0.2452 	 0.2460 
0.85 	 0.2460 	 0.2460 
0.85 	 0.2464 	 0.2462 
0.85 	 0.2460 	 0.2462 
0.85 	 0.2456 	 0.2464 
0.85 	 0.2464 	 0.2468 
0.85 	 0.2468 	 0.2468 
0.85 	 0.2448 	 0.2468 
0.85 	 0.2460 	 0.2468 
0.85 	 0.2440 	 0.2468 
0.85 	 0.2456 	 0.2470 
0.85 	 0.2468 	 0.2476 
0.85 	 0.2500 	 0.2478 
0.85 	 0.2488 	 0.2478 
0.85 	 0.2476 	 0.2478 
0.85 	 0.2480 	 0.2482 
0.85 	 0.2476 	 0.2484 
0.85 	 0.2484 	 0.2484 
0.86 	 0.2488 	 0.2486 
0.86 	 0.2480 	 0.2488 
0.86 	 0.2500 	 0.2488 
0.86 	 0.2492 	 0.2488 
0.86 	 0.2496 	 0.2488 
0.86 	 0.2520 	 0.2488 
0.86 	 0.2504 	 0.2488 
0.86 	 0.2512 	 0.2490 
0.86 	 0.2484 	 0.2492 
0.86 	 0.2484 	 0.2500 
0.86 	 0.2472 	 0.2502 
0.86 	 0.2488 	 0.2504 
0.86 	 0.2476 	 0.2504 
0.86 	 0.2464 	 0.2506 
0.86 	 0.2488 	 0.2506 
0.86 	 0.2480 	 0.2514 
0.86 	 0.2464 	 0.2514 
0.86 	 0.2484 	 0.2514 
0.86 	 0.2496 	 0.2522 
0.86 	 0.2520 	 0.2524 
0.87 	 0.2492 	 0.2524 
0.87 	 0.2488 	 0.2526 
0.87 	 0.2480 	 0.2526 
0.87 	 0.2436 	 0.2528 
0.87 	 0.2476 	 0.2530 
0.87 	 0.2480 	 0.2530 
0.87 	 0.2492 	 0.2532 
0.87 	 0.2472 	 0.2534 
0.87 	 0.2484 	 0.2538 
0.87 	 0.2488 	 0.2538 
0.87 	 0.2492 	 0.2538 
0.87 	 0.2508 	 0.2542 
0.87 	 0.2504 	 0.2542 
0.87 	 0.2512 	 0.2544 
0.87 	 0.2504 	 0.2544 
0.87 	 0.2488 	 0.2544 
0.87 	 0.2472 	 0.2548 
0.87 	 0.2492 	 0.2548 
0.87 	 0.2500 	 0.2548 
0.88 	 0.2504 	 0.2548 
0.88 	 0.2524 	 0.2552 
0.88 	 0.2524 	 0.2552 
0.88 	 0.2508 	 0.2554 
0.88 	 0.2536 	 0.2554 
0.88 	 0.2516 	 0.2554 
0.88 	 0.2516 	 0.2554 
0.88 	 0.2508 	 0.2554 
0.88 	 0.2508 	 0.2556 
0.88 	 0.2524 	 0.2556 
0.88 	 0.2520 	 0.2558 
0.88 	 0.2536 	 0.2560 
0.88 	 0.2544 	 0.2564 
0.88 	 0.2524 	 0.2566 
0.88 	 0.2532 	 0.2566 
0.88 	 0.2516 	 0.2570 
0.88 	 0.2536 	 0.2574 
0.88 	 0.2540 	 0.2578 
0.88 	 0.2548 	 0.2580 
0.88 	 0.2532 	 0.2582 
0.89 	 0.2532 	 0.2584 
0.89 	 0.2552 	 0.2586 
0.89 	 0.2540 	 0.2586 
0.89 	 0.2560 	 0.2588 
0.89 	 0.2548 	 0.2590 
0.89 	 0.2548 	 0.2590 
0.89 	 0.2532 	 0.2590 
0.89 	 0.2540 	 0.2592 
0.89 	 0.2520 	 0.2592 
0.89 	 0.2516 	 0.2592 
0.89 	 0.2544 	 0.2592 
0.89 	 0.2516 	 0.2592 
0.89 	 0.2536 	 0.2594 
0.89 	 0.2536 	 0.2596 
0.89 	 0.2532 	 0.2596 
0.89 	 0.2532 	 0.2596 
0.89 	 0.2548 	 0.2596 
0.89 	 0.2528 	 0.2596 
0.89 	 0.2500 	 0.2596 
0.89 	 0.2500 	 0.2596 
0.90 	 0.2528 	 0.2596 
0.90 	 0.2480 	 0.2596 
0.90 	 0.2516 	 0.2598 
0.90 	 0.2492 	 0.2602 
0.90 	 0.2488 	 0.2602 
0.90 	 0.2476 	 0.2606 
0.90 	 0.2504 	 0.2606 
0.90 	 0.2484 	 0.2608 
0.90 	 0.2480 	 0.2610 
0.90 	 0.2512 	 0.2614 
0.90 	 0.2516 	 0.2614 
0.90 	 0.2476 	 0.2616 
0.90 	 0.2500 	 0.2618 
0.90 	 0.2508 	 0.2620 
0.90 	 0.2520 	 0.2622 
0.90 	 0.2476 	 0.2622 
0.90 	 0.2512 	 0.2624 
0.90 	 0.2500 	 0.2624 
0.90 	 0.2500 	 0.2626 
0.90 	 0.2512 	 0.2630 
0.91 	 0.2512 	 0.2630 
0.91 	 0.2500 	 0.2634 
0.91 	 0.2512 	 0.2634 
0.91 	 0.2492 	 0.2634 
0.91 	 0.2504 	 0.2634 
0.91 	 0.2496 	 0.2638 
0.91 	 0.2456 	 0.2644 
0.91 	 0.2508 	 0.2648 
0.91 	 0.2492 	 0.2648 
0.91 	 0.2488 	 0.2648 
0.91 	 0.2496 	 0.2652 
0.91 	 0.2504 	 0.2654 
0.91 	 0.2500 	 0.2654 
0.91 	 0.2520 	 0.2654 
0.91 	 0.2532 	 0.2654 
0.91 	 0.2500 	 0.2654 
0.91 	 0.2504 	 0.2656 
0.91 	 0.2536 	 0.2658 
0.91 	 0.2488 	 0.2658 
0.91 	 0.2496 	 0.2658 
0.92 	 0.2504 	 0.2660 
0.92 	 0.2540 	 0.2664 
0.92 	 0.2548 	 0.2666 
0.92 	 0.2536 	 0.2668 
0.92 	 0.2568 	 0.2670 
0.92 	 0.2592 	 0.2672 
0.92 	 0.2600 	 0.2672 
0.92 	 0.2592 	 0.2672 
0.92 	 0.2596 	 0.2672 
0.92 	 0.2584 	 0.2674 
0.92 	 0.2564 	 0.2676 
0.92 	 0.2532 	 0.2676 
0.92 	 0.2544 	 0.2676 
0.92 	 0.2516 	 0.2676 
0.92 	 0.2556 	 0.2678 
0.92 	 0.2544 	 0.2678 
0.92 	 0.2568 	 0.2680 
0.92 	 0.2548 	 0.2682 
0.92 	 0.2532 	 0.2682 
0.92 	 0.2568 	 0.2682 
0.93 	 0.2572 	 0.2686 
0.93 	 0.2580 	 0.2686 
0.93 	 0.2576 	 0.2688 
0.93 	 0.2576 	 0.2688 
0.93 	 0.2592 	 0.2688 
0.93 	 0.2584 	 0.2690 
0.93 	 0.2584 	 0.2692 
0.93 	 0.2572 	 0.2692 
0.93 	 0.2560 	 0.2692 
0.93 	 0.2600 	 0.2696 
0.93 	 0.2628 	 0.2696 
0.93 	 0.2604 	 0.2698 
0.93 	 0.2624 	 0.2698 
0.93 	 0.2612 	 0.2700 
0.93 	 0.2632 	 0.2700 
0.93 	 0.2620 	 0.2700 
0.93 	 0.2644 	 0.2706 
0.93 	 0.2608 	 0.2708 
0.93 	 0.2656 	 0.2712 
0.93 	 0.2620 	 0.2712 
0.94 	 0.2608 	 0.2712 
0.94 	 0.2580 	 0.2714 
0.94 	 0.2608 	 0.2718 
0.94 	 0.2596 	 0.2718 
0.94 	 0.2592 	 0.2718 
0.94 	 0.2608 	 0.2718 
0.94 	 0.2624 	 0.2722 
0.94 	 0.2640 	 0.2722 
0.94 	 0.2612 	 0.2722 
0.94 	 0.2640 	 0.2724 
0.94 	 0.2652 	 0.2724 
0.94 	 0.2636 	 0.2724 
0.94 	 0.2648 	 0.2724 
0.94 	 0.2636 	 0.2726 
0.94 	 0.2656 	 0.2728 
0.94 	 0.2668 	 0.2728 
0.94 	 0.2644 	 0.2728 
0.94 	 0.2656 	 0.2728 
0.94 	 0.2684 	 0.2728 
0.94 	 0.2676 	 0.2728 
0.95 	 0.2664 	 0.2728 
0.95 	 0.2668 	 0.2730 
0.95 	 0.2676 	 0.2730 
0.95 	 0.2676 	 0.2730 
0.95 	 0.2676 	 0.2730 
0.95 	 0.2688 	 0.2730 
0.95 	 0.2664 	 0.2732 
0.95 	 0.2688 	 0.2732 
0.95 	 0.2664 	 0.2732 
0.95 	 0.2660 	 0.2732 
0.95 	 0.2640 	 0.2732 
0.95 	 0.2664 	 0.2736 
0.95 	 0.2656 	 0.2736 
0.95 	 0.2664 	 0.2736 
0.95 	 0.2696 	 0.2738 
0.95 	 0.2692 	 0.2738 
0.95 	 0.2676 	 0.2740 
0.95 	 0.2728 	 0.2744 
0.95 	 0.2704 	 0.2744 
0.95 	 0.2680 	 0.2744 
0.96 	 0.2664 	 0.2744 
0.96 	 0.2684 	 0.2746 
0.96 	 0.2680 	 0.2746 
0.96 	 0.2680 	 0.2748 
0.96 	 0.2700 	 0.2748 
0.96 	 0.2688 	 0.2754 
0.96 	 0.2684 	 0.2756 
0.96 	 0.2680 	 0.2760 
0.96 	 0.2704 	 0.2762 
0.96 	 0.2716 	 0.2766 
0.96 	 0.2732 	 0.2766 
0.96 	 0.2684 	 0.2766 
0.96 	 0.2720 	 0.2768 
0.96 	 0.2756 	 0.2774 
0.96 	 0.2728 	 0.2776 
0.96 	 0.2724 	 0.2776 
0.96 	 0.2728 	 0.2776 
0.96 	 0.2752 	 0.2778 
0.96 	 0.2740 	 0.2780 
0.96 	 0.2744 	 0.2782 
0.96 	 0.2756 	 0.2782 
0.97 	 0.2724 	 0.2782 
0.97 	 0.2752 	 0.2782 
0.97 	 0.2740 	 0.2784 
0.97 	 0.2744 	 0.2786 
0.97 	 0.2748 	 0.2788 
0.97 	 0.2780 	 0.2788 
0.97 	 0.2748 	 0.2790 
0.97 	 0.2728 	 0.2794 
0.97 	 0.2740 	 0.2794 
0.97 	 0.2736 	 0.2796 
0.97 	 0.2728 	 0.2798 
0.97 	 0.2740 	 0.2802 
0.97 	 0.2760 	 0.2804 
0.97 	 0.2744 	 0.2804 
0.97 	 0.2752 	 0.2806 
0.97 	 0.2780 	 0.2810 
0.97 	 0.2760 	 0.2810 
0.97 	 0.2796 	 0.2812 
0.97 	 0.2812 	 0.2812 
0.97 	 0.2760 	 0.2812 
0.98 	 0.2776 	 0.2812 
0.98 	 0.2744 	 0.2812 
0.98 	 0.2720 	 0.2814 
0.98 	 0.2728 	 0.2818 
0.98 	 0.2716 	 0.2820 
0.98 	 0.2736 	 0.2820 
0.98 	 0.2704 	 0.2820 
0.98 	 0.2704 	 0.2820 
0.98 	 0.2716 	 0.2822 
0.98 	 0.2720 	 0.2822 
0.98 	 0.2724 	 0.2824 
0.98 	 0.2744 	 0.2824 
0.98 	 0.2716 	 0.2824 
0.98 	 0.2712 	 0.2826 
0.98 	 0.2720 	 0.2830 
0.98 	 0.2716 	 0.2830 
0.98 	 0.2732 	 0.2836 
0.98 	 0.2756 	 0.2838 
0.98 	 0.2752 	 0.2844 
0.98 	 0.2756 	 0.2846 
0.99 	 0.2744 	 0.2848 
0.99 	 0.2712 	 0.2848 
0.99 	 0.2720 	 0.2852 
0.99 	 0.2716 	 0.2854 
0.99 	 0.2732 	 0.2854 
0.99 	 0.2688 	 0.2854 
0.99 	 0.2708 	 0.2854 
0.99 	 0.2712 	 0.2856 
0.99 	 0.2732 	 0.2856 
0.99 	 0.2740 	 0.2858 
0.99 	 0.2724 	 0.2860 
0.99 	 0.2732 	 0.2862 
0.99 	 0.2752 	 0.2862 
0.99 	 0.2760 	 0.2862 
0.99 	 0.2724 	 0.2862 
0.99 	 0.2760 	 0.2864 
0.99 	 0.2760 	 0.2864 
0.99 	 0.2752 	 0.2866 
0.99 	 0.2752 	 0.2870 
0.99 	 0.2772 	 0.2870 
1.00 	 0.2788 	 0.2870 
1.00 	 0.2776 	 0.2872 
1.00 	 0.2808 	 0.2872 
1.00 	 0.2780 	 0.2872 
1.00 	 0.2816 	 0.2874 
1.00 	 0.2848 	 0.2878 
1.00 	 0.2840 	 0.2880 
1.00 	 0.2852 	 0.2882 
1.00 	 0.2832 	 0.2882 
1.00 	 0.2812 	 0.2882 
1.00 	 0.2820 	 0.2882 
1.00 	 0.2820 	 0.2884 
1.00 	 0.2832 	 0.2886 
1.00 	 0.2844 	 0.2890 
1.00 	 0.2868 	 0.2892 
1.00 	 0.2848 	 0.2894 
1.00 	 0.2868 	 0.2896 
1.00 	 0.2844 	 0.2896 
1.00 	 0.2828 	 0.2896 
1.01 	 0.2832 	 0.2898 
1.01 	 0.2820 	 0.2900 
1.01 	 0.2836 	 0.2902 
1.01 	 0.2836 	 0.2902 
1.01 	 0.2840 	 0.2902 
1.01 	 0.2844 	 0.2904 
1.01 	 0.2864 	 0.2904 
1.01 	 0.2856 	 0.2906 
1.01 	 0.2856 	 0.2906 
1.01 	 0.2864 	 0.2908 
1.01 	 0.2880 	 0.2912 
1.01 	 0.2876 	 0.2912 
1.01 	 0.2872 	 0.2914 
1.01 	 0.2888 	 0.2914 
1.01 	 0.2888 	 0.2914 
1.01 	 0.2860 	 0.2914 
1.01 	 0.2872 	 0.2914 
1.01 	 0.2864 	 0.2916 
1.01 	 0.2856 	 0.2918 
1.01 	 0.2852 	 0.2918 
1.02 	 0.2852 	 0.2920 
1.02 	 0.2840 	 0.2920 
1.02 	 0.2864 	 0.2920 
1.02 	 0.2840 	 0.2924 
1.02 	 0.2836 	 0.2926 
1.02 	 0.2856 	 0.2926 
1.02 	 0.2860 	 0.2926 
1.02 	 0.2884 	 0.2928 
1.02 	 0.2876 	 0.2928 
1.02 	 0.2900 	 0.2930 
1.02 	 0.2892 	 0.2936 
1.02 	 0.2904 	 0.2936 
1.02 	 0.2892 	 0.2938 
1.02 	 0.2884 	 0.2938 
1.02 	 0.2868 	 0.2940 
1.02 	 0.2864 	 0.2940 
1.02 	 0.2896 	 0.2942 
1.02 	 0.2876 	 0.2946 
1.02 	 0.2884 	 0.2946 
1.02 	 0.2888 	 0.2946 
1.02 	 0.2904 	 0.2948 
1.03 	 0.2896 	 0.2948 
1.03 	 0.2900 	 0.2948 
1.03 	 0.2880 	 0.2948 
1.03 	 0.2884 	 0.2950 
1.03 	 0.2876 	 0.2952 
1.03 	 0.2920 	 0.2954 
1.03 	 0.2916 	 0.2956 
1.03 	 0.2904 	 0.2956 
1.03 	 0.2884 	 0.2958 
1.03 	 0.2904 	 0.2958 
1.03 	 0.2912 	 0.2958 
1.03 	 0.2908 	 0.2960 
1.03 	 0.2912 	 0.2960 
1.03 	 0.2920 	 0.2960 
1.03 	 0.2920 	 0.2962 
1.03 	 0.2936 	 0.2966 
1.03 	 0.2904 	 0.2966 
1.03 	 0.2908 	 0.2968 
1.03 	 0.2916 	 0.2970 
1.03 	 0.2916 	 0.2976 
1.04 	 0.2916 	 0.2978 
1.04 	 0.2892 	 0.2978 
1.04 	 0.2908 	 0.2978 
1.04 	 0.2912 	 0.2978 
1.04 	 0.2912 	 0.2978 
1.04 	 0.2916 	 0.2980 
1.04 	 0.2948 	 0.2982 
1.04 	 0.2944 	 0.2984 
1.04 	 0.2940 	 0.2986 
1.04 	 0.2936 	 0.2990 
1.04 	 0.2924 	 0.2992 
1.04 	 0.2964 	 0.2996 
1.04 	 0.2928 	 0.2996 
1.04 	 0.2928 	 0.2996 
1.04 	 0.2916 	 0.2996 
1.04 	 0.2920 	 0.2996 
1.04 	 0.2900 	 0.2996 
1.04 	 0.2924 	 0.2996 
1.04 	 0.2936 	 0.2998 
1.04 	 0.2944 	 0.2998 
1.05 	 0.2956 	 0.2998 
1.05 	 0.2952 	 0.2998 
1.05 	 0.2960 	 0.3000 
1.05 	 0.2980 	 0.3002 
1.05 	 0.2972 	 0.3002 
1.05 	 0.2992 	 0.3002 
1.05 	 0.2980 	 0.3002 
1.05 	 0.3004 	 0.3002 
1.05 	 0.3000 	 0.3002 
1.05 	 0.3004 	 0.3004 
1.05 	 0.2976 	 0.3010 
1.05 	 0.2960 	 0.3010 
1.05 	 0.2984 	 0.3010 
1.05 	 0.2972 	 0.3010 
1.05 	 0.2956 	 0.3010 
1.05 	 0.2976 	 0.3014 
1.05 	 0.2968 	 0.3016 
1.05 	 0.2944 	 0.3018 
1.05 	 0.2952 	 0.3020 
1.05 	 0.2964 	 0.3026 
1.06 	 0.2984 	 0.3030 
1.06 	 0.3012 	 0.3030 
1.06 	 0.3004 	 0.3032 
1.06 	 0.3004 	 0.3032 
1.06 	 0.3012 	 0.3034 
1.06 	 0.2992 	 0.3034 
1.06 	 0.3020 	 0.3038 
1.06 	 0.3020 	 0.3038 
1.06 	 0.3020 	 0.3038 
1.06 	 0.3008 	 0.3038 
1.06 	 0.3000 	 0.3038 
1.06 	 0.2996 	 0.3038 
1.06 	 0.2996 	 0.3038 
1.06 	 0.3000 	 0.3038 
1.06 	 0.2992 	 0.3040 
1.06 	 0.2964 	 0.3040 
1.06 	 0.2948 	 0.3040 
1.06 	 0.2976 	 0.3042 
1.06 	 0.2956 	 0.3042 
1.06 	 0.2964 	 0.3042 
1.07 	 0.2972 	 0.3042 
1.07 	 0.2972 	 0.3044 
1.07 	 0.2992 	 0.3044 
1.07 	 0.2968 	 0.3044 
1.07 	 0.3000 	 0.3044 
1.07 	 0.2980 	 0.3044 
1.07 	 0.2992 	 0.3044 
1.07 	 0.3008 	 0.3046 
1.07 	 0.3036 	 0.3050 
1.07 	 0.3000 	 0.3050 
1.07 	 0.2984 	 0.3050 
1.07 	 0.2980 	 0.3050 
1.07 	 0.2984 	 0.3050 
1.07 	 0.2968 	 0.3052 
1.07 	 0.2940 	 0.3052 
1.07 	 0.2936 	 0.3054 
1.07 	 0.2944 	 0.3054 
1.07 	 0.2924 	 0.3054 
1.07 	 0.2936 	 0.3054 
1.07 	 0.2944 	 0.3056 
1.08 	 0.2976 	 0.3058 
1.08 	 0.2956 	 0.3058 
1.08 	 0.2952 	 0.3058 
1.08 	 0.2960 	 0.3058 
1.08 	 0.2976 	 0.3058 
1.08 	 0.2996 	 0.3058 
1.08 	 0.3012 	 0.3062 
1.08 	 0.3032 	 0.3062 
1.08 	 0.2992 	 0.3064 
1.08 	 0.2984 	 0.3064 
1.08 	 0.2984 	 0.3068 
1.08 	 0.2976 	 0.3068 
1.08 	 0.2988 	 0.3068 
1.08 	 0.2996 	 0.3068 
1.08 	 0.3024 	 0.3068 
1.08 	 0.3024 	 0.3070 
1.08 	 0.3004 	 0.3072 
1.08 	 0.3036 	 0.3072 
1.08 	 0.3036 	 0.3072 
1.08 	 0.3052 	 0.3076 
1.09 	 0.3052 	 0.3078 
1.09 	 0.3044 	 0.3078 
1.09 	 0.3072 	 0.3078 
1.09 	 0.3048 	 0.3080 
1.09 	 0.3064 	 0.3082 
1.09 	 0.3036 	 0.3082 
1.09 	 0.3040 	 0.3084 
1.09 	 0.3076 	 0.3084 
1.09 	 0.3052 	 0.3084 
1.09 	 0.3048 	 0.3088 
1.09 	 0.3036 	 0.3088 
1.09 	 0.3016 	 0.3090 
1.09 	 0.3032 	 0.3090 
1.09 	 0.3016 	 0.3092 
1.09 	 0.3036 	 0.3092 
1.09 	 0.3056 	 0.3094 
1.09 	 0.3048 	 0.3094 
1.09 	 0.3040 	 0.3096 
1.09 	 0.3020 	 0.3096 
1.09 	 0.3040 	 0.3100 
1.10 	 0.3056 	 0.3100 
1.10 	 0.3044 	 0.3100 
1.10 	 0.3032 	 0.3100 
1.10 	 0.3044 	 0.3100 
1.10 	 0.3048 	 0.3102 
1.10 	 0.3048 	 0.3104 
1.10 	 0.3052 	 0.3104 
1.10 	 0.3032 	 0.3106 
1.10 	 0.3052 	 0.3106 
1.10 	 0.3056 	 0.3108 
1.10 	 0.3048 	 0.3114 
1.10 	 0.3064 	 0.3116 
1.10 	 0.3060 	 0.3116 
1.10 	 0.3036 	 0.3116 
1.10 	 0.3040 	 0.3116 
1.10 	 0.3056 	 0.3116 
1.10 	 0.3060 	 0.3116 
1.10 	 0.3084 	 0.3118 
1.10 	 0.3092 	 0.3124 
1.10 	 0.3096 	 0.3124 
1.11 	 0.3096 	 0.3124 
1.11 	 0.3116 	 0.3126 
1.11 	 0.3096 	 0.3126 
1.11 	 0.3088 	 0.3126 
1.11 	 0.3100 	 0.3126 
1.11 	 0.3104 	 0.3126 
1.11 	 0.3136 	 0.3126 
1.11 	 0.3132 	 0.3128 
1.11 	 0.3112 	 0.3128 
1.11 	 0.3116 	 0.3128 
1.11 	 0.3100 	 0.3130 
1.11 	 0.3120 	 0.3130 
1.11 	 0.3116 	 0.3130 
1.11 	 0.3116 	 0.3130 
1.11 	 0.3128 	 0.3132 
1.11 	 0.3108 	 0.3132 
1.11 	 0.3124 	 0.3134 
1.11 	 0.3128 	 0.3136 
1.11 	 0.3148 	 0.3136 
1.11 	 0.3152 	 0.3138 
1.12 	 0.3148 	 0.3140 
1.12 	 0.3176 	 0.3148 
1.12 	 0.3184 	 0.3152 
1.12 	 0.3200 	 0.3158 
1.12 	 0.3164 	 0.3158 
1.12 	 0.3144 	 0.3158 
1.12 	 0.3128 	 0.3158 
1.12 	 0.3168 	 0.3166 
1.12 	 0.3200 	 0.3168 
1.12 	 0.3196 	 0.3168 
1.12 	 0.3212 	 0.3168 
1.12 	 0.3232 	 0.3168 
1.12 	 0.3212 	 0.3170 
1.12 	 0.3216 	 0.3172 
1.12 	 0.3224 	 0.3172 
1.12 	 0.3208 	 0.3172 
1.12 	 0.3188 	 0.3172 
1.12 	 0.3204 	 0.3172 
1.12 	 0.3216 	 0.3172 
1.12 	 0.3208 	 0.3172 
1.13 	 0.3196 	 0.3174 
1.13 	 0.3192 	 0.3176 
1.13 	 0.3208 	 0.3176 
1.13 	 0.3192 	 0.3176 
1.13 	 0.3208 	 0.3176 
1.13 	 0.3176 	 0.3176 
1.13 	 0.3196 	 0.3178 
1.13 	 0.3204 	 0.3180 
1.13 	 0.3192 	 0.3180 
1.13 	 0.3216 	 0.3180 
1.13 	 0.3212 	 0.3180 
1.13 	 0.3200 	 0.3180 
1.13 	 0.3212 	 0.3180 
1.13 	 0.3248 	 0.3184 
1.13 	 0.3244 	 0.3184 
1.13 	 0.3208 	 0.3186 
1.13 	 0.3204 	 0.3188 
1.13 	 0.3244 	 0.3194 
1.13 	 0.3240 	 0.3196 
1.14 	 0.3248 	 0.3198 
1.14 	 0.3252 	 0.3200 
1.14 	 0.3260 	 0.3200 
1.14 	 0.3248 	 0.3200 
1.14 	 0.3216 	 0.3200 
1.14 	 0.3232 	 0.3202 
1.14 	 0.3228 	 0.3202 
1.14 	 0.3256 	 0.3202 
1.14 	 0.3236 	 0.3202 
1.14 	 0.3212 	 0.3204 
1.14 	 0.3244 	 0.3208 
1.14 	 0.3240 	 0.3208 
1.14 	 0.3232 	 0.3208 
1.14 	 0.3228 	 0.3208 
1.14 	 0.3252 	 0.3210 
1.14 	 0.3236 	 0.3212 
1.14 	 0.3212 	 0.3212 
1.14 	 0.3240 	 0.3216 
1.14 	 0.3224 	 0.3218 
1.14 	 0.3256 	 0.3218 
1.15 	 0.3240 	 0.3220 
1.15 	 0.3248 	 0.3220 
1.15 	 0.3228 	 0.3222 
1.15 	 0.3224 	 0.3224 
1.15 	 0.3256 	 0.3228 
1.15 	 0.3260 	 0.3230 
1.15 	 0.3288 	 0.3234 
1.15 	 0.3252 	 0.3234 
1.15 	 0.3268 	 0.3236 
1.15 	 0.3252 	 0.3236 
1.15 	 0.3268 	 0.3238 
1.15 	 0.3272 	 0.3240 
1.15 	 0.3280 	 0.3240 
1.15 	 0.3292 	 0.3240 
1.15 	 0.3304 	 0.3242 
1.15 	 0.3296 	 0.3244 
1.15 	 0.3312 	 0.3244 
1.15 	 0.3300 	 0.3250 
1.15 	 0.3296 	 0.3252 
1.15 	 0.3284 	 0.3254 
1.16 	 0.3312 	 0.3254 
1.16 	 0.3292 	 0.3256 
1.16 	 0.3304 	 0.3256 
1.16 	 0.3300 	 0.3256 
1.16 	 0.3308 	 0.3258 
1.16 	 0.3288 	 0.3260 
1.16 	 0.3300 	 0.3260 
1.16 	 0.3324 	 0.3260 
1.16 	 0.3316 	 0.3262 
1.16 	 0.3344 	 0.3266 
1.16 	 0.3332 	 0.3266 
1.16 	 0.3328 	 0.3266 
1.16 	 0.3328 	 0.3266 
1.16 	 0.3364 	 0.3270 
1.16 	 0.3356 	 0.3272 
1.16 	 0.3360 	 0.3276 
1.16 	 0.3344 	 0.3280 
1.16 	 0.3360 	 0.3280 
1.16 	 0.3392 	 0.3280 
1.16 	 0.3384 	 0.3280 
1.17 	 0.3344 	 0.3280 
1.17 	 0.3332 	 0.3280 
1.17 	 0.3344 	 0.3282 
1.17 	 0.3316 	 0.3282 
1.17 	 0.3320 	 0.3282 
1.17 	 0.3324 	 0.3282 
1.17 	 0.3324 	 0.3284 
1.17 	 0.3304 	 0.3286 
1.17 	 0.3336 	 0.3288 
1.17 	 0.3328 	 0.3288 
1.17 	 0.3324 	 0.3290 
1.17 	 0.3356 	 0.3290 
1.17 	 0.3340 	 0.3290 
1.17 	 0.3360 	 0.3290 
1.17 	 0.3352 	 0.3292 
1.17 	 0.3356 	 0.3292 
1.17 	 0.3360 	 0.3292 
1.17 	 0.3328 	 0.3292 
1.17 	 0.3360 	 0.3294 
1.17 	 0.3324 	 0.3294 
1.18 	 0.3392 	 0.3294 
1.18 	 0.3384 	 0.3296 
1.18 	 0.3360 	 0.3296 
1.18 	 0.3364 	 0.3296 
1.18 	 0.3380 	 0.3296 
1.18 	 0.3368 	 0.3296 
1.18 	 0.3368 	 0.3296 
1.18 	 0.3348 	 0.3298 
1.18 	 0.3340 	 0.3298 
1.18 	 0.3340 	 0.3298 
1.18 	 0.3348 	 0.3298 
1.18 	 0.3332 	 0.3298 
1.18 	 0.3328 	 0.3302 
1.18 	 0.3324 	 0.3302 
1.18 	 0.3324 	 0.3302 
1.18 	 0.3332 	 0.3304 
1.18 	 0.3340 	 0.3304 
1.18 	 0.3356 	 0.3306 
1.18 	 0.3324 	 0.3310 
1.18 	 0.3320 	 0.3310 
1.19 	 0.3332 	 0.3310 
1.19 	 0.3340 	 0.3310 
1.19 	 0.3340 	 0.3312 
1.19 	 0.3340 	 0.3314 
1.19 	 0.3332 	 0.3314 
1.19 	 0.3340 	 0.3314 
1.19 	 0.3352 	 0.3316 
1.19 	 0.3356 	 0.3316 
1.19 	 0.3332 	 0.3316 
1.19 	 0.3348 	 0.3316 
1.19 	 0.3380 	 0.3320 
1.19 	 0.3332 	 0.3322 
1.19 	 0.3340 	 0.3322 
1.19 	 0.3364 	 0.3322 
1.19 	 0.3340 	 0.3322 
1.19 	 0.3344 	 0.3322 
1.19 	 0.3360 	 0.3322 
1.19 	 0.3324 	 0.3324 
1.19 	 0.3312 	 0.3324 
1.19 	 0.3344 	 0.3326 
1.20 	 0.3328 	 0.3326 
1.20 	 0.3324 	 0.3326 
1.20 	 0.3328 	 0.3326 
1.20 	 0.3336 	 0.3326 
1.20 	 0.3352 	 0.3326 
1.20 	 0.3348 	 0.3326 
1.20 	 0.3372 	 0.3330 
1.20 	 0.3364 	 0.3330 
1.20 	 0.3344 	 0.3330 
1.20 	 0.3348 	 0.3332 
1.20 	 0.3348 	 0.3336 
1.20 	 0.3352 	 0.3336 
1.20 	 0.3364 	 0.3336 
1.20 	 0.3356 	 0.3340 
1.20 	 0.3348 	 0.3340 
1.20 	 0.3348 	 0.3342 
1.20 	 0.3332 	 0.3342 
1.20 	 0.3348 	 0.3342 
1.20 	 0.3352 	 0.3342 
1.20 	 0.3328 	 0.3342 
1.21 	 0.3340 	 0.3346 
1.21 	 0.3352 	 0.3346 
1.21 	 0.3348 	 0.3346 
1.21 	 0.3340 	 0.3348 
1.21 	 0.3376 	 0.3348 
1.21 	 0.3376 	 0.3348 
1.21 	 0.3388 	 0.3352 
1.21 	 0.3416 	 0.3352 
1.21 	 0.3388 	 0.3354 
1.21 	 0.3368 	 0.3354 
1.21 	 0.3376 	 0.3356 
1.21 	 0.3388 	 0.3358 
1.21 	 0.3360 	 0.3362 
1.21 	 0.3376 	 0.3364 
1.21 	 0.3400 	 0.3364 
1.21 	 0.3388 	 0.3364 
1.21 	 0.3396 	 0.3368 
1.21 	 0.3372 	 0.3368 
1.21 	 0.3384 	 0.3368 
1.21 	 0.3376 	 0.3370 
1.22 	 0.3380 	 0.3372 
1.22 	 0.3344 	 0.3372 
1.22 	 0.3356 	 0.3376 
1.22 	 0.3344 	 0.3380 
1.22 	 0.3388 	 0.3382 
1.22 	 0.3384 	 0.3384 
1.22 	 0.3388 	 0.3384 
1.22 	 0.3356 	 0.3384 
1.22 	 0.3400 	 0.3386 
1.22 	 0.3400 	 0.3388 
1.22 	 0.3360 	 0.3388 
1.22 	 0.3368 	 0.3390 
1.22 	 0.3372 	 0.3390 
1.22 	 0.3364 	 0.3392 
1.22 	 0.3384 	 0.3392 
1.22 	 0.3392 	 0.3392 
1.22 	 0.3384 	 0.3392 
1.22 	 0.3412 	 0.3392 
1.22 	 0.3416 	 0.3394 
1.22 	 0.3412 	 0.3394 
1.23 	 0.3368 	 0.3396 
1.23 	 0.3384 	 0.3398 
1.23 	 0.3400 	 0.3398 
1.23 	 0.3376 	 0.3400 
1.23 	 0.3364 	 0.3400 
1.23 	 0.3376 	 0.3402 
1.23 	 0.3372 	 0.3402 
1.23 	 0.3392 	 0.3402 
1.23 	 0.3396 	 0.3402 
1.23 	 0.3404 	 0.3402 
1.23 	 0.3400 	 0.3406 
1.23 	 0.3412 	 0.3406 
1.23 	 0.3428 	 0.3406 
1.23 	 0.3420 	 0.3406 
1.23 	 0.3420 	 0.3408 
1.23 	 0.3420 	 0.3408 
1.23 	 0.3412 	 0.3410 
1.23 	 0.3408 	 0.3414 
1.23 	 0.3400 	 0.3416 
1.23 	 0.3420 	 0.3416 
1.24 	 0.3396 	 0.3416 
1.24 	 0.3372 	 0.3416 
1.24 	 0.3396 	 0.3418 
1.24 	 0.3412 	 0.3418 
1.24 	 0.3408 	 0.3418 
1.24 	 0.3372 	 0.3422 
1.24 	 0.3412 	 0.3422 
1.24 	 0.3384 	 0.3424 
1.24 	 0.3368 	 0.3426 
1.24 	 0.3400 	 0.3426 
1.24 	 0.3420 	 0.3430 
1.24 	 0.3404 	 0.3430 
1.24 	 0.3420 	 0.3432 
1.24 	 0.3424 	 0.3434 
1.24 	 0.3428 	 0.3434 
1.24 	 0.3440 	 0.3438 
1.24 	 0.3468 	 0.3440 
1.24 	 0.3452 	 0.3440 
1.24 	 0.3448 	 0.3440 
1.24 	 0.3444 	 0.3440 
1.25 	 0.3464 	 0.3440 
1.25 	 0.3468 	 0.3440 
1.25 	 0.3440 	 0.3440 
1.25 	 0.3428 	 0.3444 
1.25 	 0.3408 	 0.3448 
1.25 	 0.3444 	 0.3448 
1.25 	 0.3420 	 0.3450 
1.25 	 0.3436 	 0.3452 
1.25 	 0.3424 	 0.3452 
1.25 	 0.3392 	 0.3452 
1.25 	 0.3420 	 0.3452 
1.25 	 0.3432 	 0.3452 
1.25 	 0.3408 	 0.3452 
1.25 	 0.3432 	 0.3452 
1.25 	 0.3420 	 0.3452 
1.25 	 0.3448 	 0.3452 
1.25 	 0.3432 	 0.3452 
1.25 	 0.3440 	 0.3454 
1.25 	 0.3452 	 0.3456 
1.25 	 0.3460 	 0.3458 
1.26 	 0.3456 	 0.3464 
1.26 	 0.3448 	 0.3464 
1.26 	 0.3436 	 0.3466 
1.26 	 0.3428 	 0.3468 
1.26 	 0.3464 	 0.3472 
1.26 	 0.3472 	 0.3474 
1.26 	 0.3468 	 0.3474 
1.26 	 0.3460 	 0.3474 
1.26 	 0.3464 	 0.3480 
1.26 	 0.3448 	 0.3480 
1.26 	 0.3436 	 0.3480 
1.26 	 0.3444 	 0.3482 
1.26 	 0.3444 	 0.3482 
1.26 	 0.3452 	 0.3488 
1.26 	 0.3464 	 0.3488 
1.26 	 0.3480 	 0.3488 
1.26 	 0.3460 	 0.3488 
1.26 	 0.3440 	 0.3488 
1.26 	 0.3448 	 0.3488 
1.26 	 0.3448 	 0.3490 
1.27 	 0.3440 	 0.3490 
1.27 	 0.3480 	 0.3490 
1.27 	 0.3428 	 0.3490 
1.27 	 0.3456 	 0.3490 
1.27 	 0.3460 	 0.3490 
1.27 	 0.3484 	 0.3490 
1.27 	 0.3512 	 0.3494 
1.27 	 0.3488 	 0.3494 
1.27 	 0.3532 	 0.3496 
1.27 	 0.3524 	 0.3498 
1.27 	 0.3520 	 0.3498 
1.27 	 0.3536 	 0.3500 
1.27 	 0.3504 	 0.3500 
1.27 	 0.3492 	 0.3500 
1.27 	 0.3476 	 0.3502 
1.27 	 0.3528 	 0.3504 
1.27 	 0.3544 	 0.3508 
1.27 	 0.3548 	 0.3508 
1.27 	 0.3544 	 0.3510 
1.27 	 0.3560 	 0.3510 
1.28 	 0.3524 	 0.3510 
1.28 	 0.3552 	 0.3514 
1.28 	 0.3552 	 0.3516 
1.28 	 0.3544 	 0.3516 
1.28 	 0.3564 	 0.3516 
1.28 	 0.3536 	 0.3518 
1.28 	 0.3528 	 0.3518 
1.28 	 0.3540 	 0.3520 
1.28 	 0.3532 	 0.3522 
1.28 	 0.3516 	 0.3524 
1.28 	 0.3516 	 0.3526 
1.28 	 0.3532 	 0.3528 
1.28 	 0.3528 	 0.3530 
1.28 	 0.3516 	 0.3530 
1.28 	 0.3572 	 0.3530 
1.28 	 0.3556 	 0.3530 
1.28 	 0.3552 	 0.3532 
1.28 	 0.3548 	 0.3534 
1.28 	 0.3548 	 0.3534 
1.28 	 0.3532 	 0.3534 
1.28 	 0.3524 	 0.3534 
1.29 	 0.3540 	 0.3534 
1.29 	 0.3548 	 0.3534 
1.29 	 0.3532 	 0.3536 
1.29 	 0.3540 	 0.3536 
1.29 	 0.3556 	 0.3538 
1.29 	 0.3556 	 0.3538 
1.29 	 0.3560 	 0.3540 
1.29 	 0.3536 	 0.3540 
1.29 	 0.3508 	 0.3540 
1.29 	 0.3536 	 0.3546 
1.29 	 0.3536 	 0.3548 
1.29 	 0.3540 	 0.3550 
1.29 	 0.3560 	 0.3550 
1.29 	 0.3548 	 0.3550 
1.29 	 0.3564 	 0.3552 
1.29 	 0.3540 	 0.3552 
1.29 	 0.3560 	 0.3552 
1.29 	 0.3572 	 0.3554 
1.29 	 0.3580 	 0.3556 
1.29 	 0.3532 	 0.3556 
1.30 	 0.3548 	 0.3556 
1.30 	 0.3544 	 0.3560 
1.30 	 0.3556 	 0.3560 
1.30 	 0.3576 	 0.3560 
1.30 	 0.3572 	 0.3560 
1.30 	 0.3584 	 0.3564 
1.30 	 0.3608 	 0.3566 
1.30 	 0.3580 	 0.3566 
1.30 	 0.3588 	 0.3566 
1.30 	 0.3592 	 0.3566 
1.30 	 0.3604 	 0.3568 
1.30 	 0.3584 	 0.3570 
1.30 	 0.3592 	 0.3572 
1.30 	 0.3624 	 0.3576 
1.30 	 0.3584 	 0.3576 
1.30 	 0.3584 	 0.3582 
1.30 	 0.3580 	 0.3584 
1.30 	 0.3576 	 0.3584 
1.30 	 0.3584 	 0.3586 
1.30 	 0.3592 	 0.3586 
1.31 	 0.3564 	 0.3586 
1.31 	 0.3556 	 0.3586 
1.31 	 0.3572 	 0.3586 
1.31 	 0.3568 	 0.3588 
1.31 	 0.3604 	 0.3590 
1.31 	 0.3580 	 0.3594 
1.31 	 0.3576 	 0.3596 
1.31 	 0.3560 	 0.3596 
1.31 	 0.3552 	 0.3596 
1.31 	 0.3576 	 0.3598 
1.31 	 0.3580 	 0.3598 
1.31 	 0.3580 	 0.3600 
1.31 	 0.3568 	 0.3600 
1.31 	 0.3608 	 0.3600 
1.31 	 0.3596 	 0.3602 
1.31 	 0.3600 	 0.3604 
1.31 	 0.3604 	 0.3604 
1.31 	 0.3616 	 0.3604 
1.31 	 0.3636 	 0.3604 
1.31 	 0.3612 	 0.3604 
1.32 	 0.3592 	 0.3606 
1.32 	 0.3604 	 0.3606 
1.32 	 0.3592 	 0.3608 
1.32 	 0.3612 	 0.3608 
1.32 	 0.3600 	 0.3608 
1.32 	 0.3564 	 0.3608 
1.32 	 0.3564 	 0.3608 
1.32 	 0.3584 	 0.3608 
1.32 	 0.3616 	 0.3612 
1.32 	 0.3624 	 0.3612 
1.32 	 0.3628 	 0.3612 
1.32 	 0.3640 	 0.3616 
1.32 	 0.3640 	 0.3616 
1.32 	 0.3620 	 0.3616 
1.32 	 0.3604 	 0.3622 
1.32 	 0.3604 	 0.3622 
1.32 	 0.3624 	 0.3624 
1.32 	 0.3628 	 0.3624 
1.32 	 0.3624 	 0.3626 
1.32 	 0.3660 	 0.3626 
1.33 	 0.3624 	 0.3626 
1.33 	 0.3608 	 0.3628 
1.33 	 0.3580 	 0.3628 
1.33 	 0.3580 	 0.3630 
1.33 	 0.3604 	 0.3630 
1.33 	 0.3624 	 0.3632 
1.33 	 0.3640 	 0.3634 
1.33 	 0.3660 	 0.3634 
1.33 	 0.3616 	 0.3634 
1.33 	 0.3648 	 0.3636 
1.33 	 0.3636 	 0.3636 
1.33 	 0.3668 	 0.3638 
1.33 	 0.3648 	 0.3638 
1.33 	 0.3672 	 0.3640 
1.33 	 0.3672 	 0.3642 
1.33 	 0.3648 	 0.3644 
1.33 	 0.3684 	 0.3644 
1.33 	 0.3660 	 0.3644 
1.33 	 0.3648 	 0.3644 
1.33 	 0.3648 	 0.3644 
1.34 	 0.3668 	 0.3644 
1.34 	 0.3688 	 0.3644 
1.34 	 0.3652 	 0.3644 
1.34 	 0.3648 	 0.3644 
1.34 	 0.3672 	 0.3644 
1.34 	 0.3696 	 0.3644 
1.34 	 0.3696 	 0.3644 
1.34 	 0.3700 	 0.3644 
1.34 	 0.3712 	 0.3646 
1.34 	 0.3708 	 0.3648 
1.34 	 0.3692 	 0.3648 
1.34 	 0.3720 	 0.3648 
1.34 	 0.3704 	 0.3648 
1.34 	 0.3692 	 0.3648 
1.34 	 0.3676 	 0.3648 
1.34 	 0.3692 	 0.3648 
1.34 	 0.3692 	 0.3648 
1.34 	 0.3656 	 0.3648 
1.34 	 0.3700 	 0.3648 
1.34 	 0.3696 	 0.3648 
1.35 	 0.3688 	 0.3648 
1.35 	 0.3680 	 0.3648 
1.35 	 0.3676 	 0.3648 
1.35 	 0.3684 	 0.3650 
1.35 	 0.3684 	 0.3650 
1.35 	 0.3688 	 0.3652 
1.35 	 0.3704 	 0.3654 
1.35 	 0.3708 	 0.3654 
1.35 	 0.3712 	 0.3654 
1.35 	 0.3704 	 0.3654 
1.35 	 0.3728 	 0.3654 
1.35 	 0.3724 	 0.3656 
1.35 	 0.3712 	 0.3660 
1.35 	 0.3708 	 0.3660 
1.35 	 0.3696 	 0.3662 
1.35 	 0.3708 	 0.3662 
1.35 	 0.3732 	 0.3662 
1.35 	 0.3704 	 0.3662 
1.35 	 0.3724 	 0.3662 
1.35 	 0.3696 	 0.3662 
1.36 	 0.3684 	 0.3662 
1.36 	 0.3708 	 0.3662 
1.36 	 0.3692 	 0.3662 
1.36 	 0.3712 	 0.3664 
1.36 	 0.3704 	 0.3664 
1.36 	 0.3692 	 0.3666 
1.36 	 0.3696 	 0.3668 
1.36 	 0.3684 	 0.3670 
1.36 	 0.3720 	 0.3670 
1.36 	 0.3708 	 0.3670 
1.36 	 0.3684 	 0.3670 
1.36 	 0.3708 	 0.3674 
1.36 	 0.3684 	 0.3676 
1.36 	 0.3700 	 0.3676 
1.36 	 0.3712 	 0.3676 
1.36 	 0.3668 	 0.3676 
1.36 	 0.3660 	 0.3678 
1.36 	 0.3688 	 0.3680 
1.36 	 0.3676 	 0.3682 
1.36 	 0.3664 	 0.3682 
1.37 	 0.3656 	 0.3682 
1.37 	 0.3664 	 0.3682 
1.37 	 0.3660 	 0.3684 
1.37 	 0.3684 	 0.3686 
1.37 	 0.3672 	 0.3686 
1.37 	 0.3676 	 0.3688 
1.37 	 0.3672 	 0.3688 
1.37 	 0.3708 	 0.3692 
1.37 	 0.3680 	 0.3692 
1.37 	 0.3720 	 0.3694 
1.37 	 0.3688 	 0.3696 
1.37 	 0.3704 	 0.3698 
1.37 	 0.3716 	 0.3702 
1.37 	 0.3676 	 0.3702 
1.37 	 0.3712 	 0.3702 
1.37 	 0.3712 	 0.3702 
1.37 	 0.3708 	 0.3702 
1.37 	 0.3692 	 0.3702 
1.37 	 0.3716 	 0.3704 
1.38 	 0.3712 	 0.3706 
1.38 	 0.3728 	 0.3706 
1.38 	 0.3744 	 0.3706 
1.38 	 0.3748 	 0.3710 
1.38 	 0.3760 	 0.3710 
1.38 	 0.3744 	 0.3710 
1.38 	 0.3768 	 0.3710 
1.38 	 0.3752 	 0.3710 
1.38 	 0.3772 	 0.3710 
1.38 	 0.3784 	 0.3714 
1.38 	 0.3772 	 0.3714 
1.38 	 0.3760 	 0.3718 
1.38 	 0.3772 	 0.3718 
1.38 	 0.3752 	 0.3718 
1.38 	 0.3740 	 0.3718 
1.38 	 0.3752 	 0.3718 
1.38 	 0.3760 	 0.3720 
1.38 	 0.3740 	 0.3720 
1.38 	 0.3752 	 0.3726 
1.38 	 0.3792 	 0.3726 
1.39 	 0.3760 	 0.3728 
1.39 	 0.3764 	 0.3732 
1.39 	 0.3768 	 0.3732 
1.39 	 0.3760 	 0.3732 
1.39 	 0.3792 	 0.3732 
1.39 	 0.3756 	 0.3732 
1.39 	 0.3748 	 0.3732 
1.39 	 0.3744 	 0.3732 
1.39 	 0.3740 	 0.3732 
1.39 	 0.3724 	 0.3732 
1.39 	 0.3736 	 0.3732 
1.39 	 0.3740 	 0.3732 
1.39 	 0.3784 	 0.3732 
1.39 	 0.3752 	 0.3732 
1.39 	 0.3784 	 0.3734 
1.39 	 0.3780 	 0.3734 
1.39 	 0.3792 	 0.3734 
1.39 	 0.3764 	 0.3734 
1.39 	 0.3772 	 0.3734 
1.39 	 0.3776 	 0.3736 
1.40 	 0.3760 	 0.3736 
1.40 	 0.3776 	 0.3736 
1.40 	 0.3800 	 0.3736 
1.40 	 0.3784 	 0.3738 
1.40 	 0.3780 	 0.3738 
1.40 	 0.3792 	 0.3740 
1.40 	 0.3788 	 0.3740 
1.40 	 0.3788 	 0.3742 
1.40 	 0.3808 	 0.3750 
1.40 	 0.3812 	 0.3750 
1.40 	 0.3808 	 0.3750 
1.40 	 0.3796 	 0.3750 
1.40 	 0.3780 	 0.3750 
1.40 	 0.3772 	 0.3752 
1.40 	 0.3792 	 0.3754 
1.40 	 0.3816 	 0.3754 
1.40 	 0.3800 	 0.3756 
1.40 	 0.3800 	 0.3756 
1.40 	 0.3788 	 0.3758 
1.40 	 0.3796 	 0.3758 
1.41 	 0.3768 	 0.3758 
1.41 	 0.3788 	 0.3758 
1.41 	 0.3780 	 0.3758 
1.41 	 0.3796 	 0.3758 
1.41 	 0.3784 	 0.3758 
1.41 	 0.3788 	 0.3758 
1.41 	 0.3824 	 0.3758 
1.41 	 0.3788 	 0.3758 
1.41 	 0.3800 	 0.3758 
1.41 	 0.3796 	 0.3758 
1.41 	 0.3788 	 0.3758 
1.41 	 0.3772 	 0.3758 
1.41 	 0.3784 	 0.3758 
1.41 	 0.3756 	 0.3758 
1.41 	 0.3784 	 0.3758 
1.41 	 0.3788 	 0.3758 
1.41 	 0.3792 	 0.3758 
1.41 	 0.3772 	 0.3758 
1.41 	 0.3776 	 0.3760 
1.41 	 0.3788 	 0.3760 
1.42 	 0.3788 	 0.3760 
1.42 	 0.3808 	 0.3760 
1.42 	 0.3804 	 0.3760 
1.42 	 0.3812 	 0.3760 
1.42 	 0.3804 	 0.3760 
1.42 	 0.3788 	 0.3760 
1.42 	 0.3792 	 0.3760 
1.42 	 0.3816 	 0.3762 
1.42 	 0.3792 	 0.3762 
1.42 	 0.3796 	 0.3762 
1.42 	 0.3792 	 0.3764 
1.42 	 0.3780 	 0.3764 
1.42 	 0.3764 	 0.3764 
1.42 	 0.3788 	 0.3764 
1.42 	 0.3788 	 0.3764 
1.42 	 0.3800 	 0.3766 
1.42 	 0.3776 	 0.3766 
1.42 	 0.3784 	 0.3768 
1.42 	 0.3792 	 0.3768 
1.42 	 0.3740 	 0.3768 
1.43 	 0.3740 	 0.3772 
1.43 	 0.3736 	 0.3772 
1.43 	 0.3724 	 0.3772 
1.43 	 0.3732 	 0.3772 
1.43 	 0.3780 	 0.3776 
1.43 	 0.3784 	 0.3776 
1.43 	 0.3792 	 0.3776 
1.43 	 0.3780 	 0.3776 
1.43 	 0.3792 	 0.3776 
1.43 	 0.3796 	 0.3776 
1.43 	 0.3824 	 0.3776 
1.43 	 0.3820 	 0.3780 
1.43 	 0.3800 	 0.3784 
1.43 	 0.3792 	 0.3784 
1.43 	 0.3796 	 0.3784 
1.43 	 0.3784 	 0.3786 
1.43 	 0.3844 	 0.3788 
1.43 	 0.3840 	 0.3788 
1.43 	 0.3852 	 0.3788 
1.43 	 0.3848 	 0.3790 
1.44 	 0.3852 	 0.3790 
1.44 	 0.3812 	 0.3790 
1.44 	 0.3832 	 0.3794 
1.44 	 0.3816 	 0.3794 
1.44 	 0.3824 	 0.3794 
1.44 	 0.3836 	 0.3794 
1.44 	 0.3832 	 0.3794 
1.44 	 0.3832 	 0.3794 
1.44 	 0.3824 	 0.3794 
1.44 	 0.3844 	 0.3794 
1.44 	 0.3832 	 0.3794 
1.44 	 0.3844 	 0.3794 
1.44 	 0.3824 	 0.3796 
1.44 	 0.3840 	 0.3798 
1.44 	 0.3840 	 0.3800 
1.44 	 0.3860 	 0.3800 
1.44 	 0.3892 	 0.3800 
1.44 	 0.3892 	 0.3804 
1.44 	 0.3856 	 0.3804 
1.44 	 0.3856 	 0.3804 
1.45 	 0.3864 	 0.3808 
1.45 	 0.3848 	 0.3808 
1.45 	 0.3864 	 0.3808 
1.45 	 0.3860 	 0.3808 
1.45 	 0.3880 	 0.3810 
1.45 	 0.3868 	 0.3810 
1.45 	 0.3872 	 0.3812 
1.45 	 0.3864 	 0.3812 
1.45 	 0.3860 	 0.3812 
1.45 	 0.3880 	 0.3812 
1.45 	 0.3860 	 0.3812 
1.45 	 0.3868 	 0.3812 
1.45 	 0.3876 	 0.3812 
1.45 	 0.3880 	 0.3816 
1.45 	 0.3892 	 0.3820 
1.45 	 0.3856 	 0.3822 
1.45 	 0.3856 	 0.3822 
1.45 	 0.3840 	 0.3822 
1.45 	 0.3844 	 0.3822 
1.45 	 0.3860 	 0.3822 
1.46 	 0.3884 	 0.3822 
1.46 	 0.3884 	 0.3822 
1.46 	 0.3880 	 0.3822 
1.46 	 0.3892 	 0.3822 
1.46 	 0.3868 	 0.3822 
1.46 	 0.3892 	 0.3824 
1.46 	 0.3892 	 0.3824 
1.46 	 0.3880 	 0.3824 
1.46 	 0.3888 	 0.3824 
1.46 	 0.3864 	 0.3826 
1.46 	 0.3884 	 0.3826 
1.46 	 0.3900 	 0.3826 
1.46 	 0.3884 	 0.3826 
1.46 	 0.3884 	 0.3826 
1.46 	 0.3872 	 0.3826 
1.46 	 0.3908 	 0.3828 
1.46 	 0.3904 	 0.3828 
1.46 	 0.3900 	 0.3830 
1.46 	 0.3872 	 0.3832 
1.46 	 0.3884 	 0.3832 
1.47 	 0.3892 	 0.3832 
1.47 	 0.3896 	 0.3832 
1.47 	 0.3912 	 0.3834 
1.47 	 0.3892 	 0.3834 
1.47 	 0.3908 	 0.3836 
1.47 	 0.3888 	 0.3838 
1.47 	 0.3896 	 0.3838 
1.47 	 0.3892 	 0.3838 
1.47 	 0.3896 	 0.3838 
1.47 	 0.3920 	 0.3838 
1.47 	 0.3912 	 0.3838 
1.47 	 0.3920 	 0.3838 
1.47 	 0.3936 	 0.3838 
1.47 	 0.3928 	 0.3838 
1.47 	 0.3932 	 0.3838 
1.47 	 0.3908 	 0.3838 
1.47 	 0.3888 	 0.3838 
1.47 	 0.3900 	 0.3840 
1.47 	 0.3872 	 0.3840 
1.47 	 0.3924 	 0.3840 
1.48 	 0.3896 	 0.3840 
1.48 	 0.3896 	 0.3840 
1.48 	 0.3908 	 0.3840 
1.48 	 0.3880 	 0.3842 
1.48 	 0.3876 	 0.3842 
1.48 	 0.3892 	 0.3842 
1.48 	 0.3872 	 0.3844 
1.48 	 0.3900 	 0.3848 
1.48 	 0.3928 	 0.3848 
1.48 	 0.3936 	 0.3848 
1.48 	 0.3948 	 0.3850 
1.48 	 0.3944 	 0.3852 
1.48 	 0.3940 	 0.3854 
1.48 	 0.3932 	 0.3854 
1.48 	 0.3932 	 0.3856 
1.48 	 0.3916 	 0.3856 
1.48 	 0.3940 	 0.3856 
1.48 	 0.3912 	 0.3856 
1.48 	 0.3952 	 0.3862 
1.48 	 0.3948 	 0.3864 
1.49 	 0.3924 	 0.3864 
1.49 	 0.3948 	 0.3864 
1.49 	 0.3928 	 0.3866 
1.49 	 0.3948 	 0.3866 
1.49 	 0.3944 	 0.3868 
1.49 	 0.3920 	 0.3868 
1.49 	 0.3936 	 0.3868 
1.49 	 0.3944 	 0.3870 
1.49 	 0.3940 	 0.3870 
1.49 	 0.3948 	 0.3870 
1.49 	 0.3960 	 0.3870 
1.49 	 0.3984 	 0.3872 
1.49 	 0.3948 	 0.3872 
1.49 	 0.3952 	 0.3872 
1.49 	 0.3972 	 0.3872 
1.49 	 0.3980 	 0.3874 
1.49 	 0.3968 	 0.3874 
1.49 	 0.3972 	 0.3874 
1.49 	 0.3928 	 0.3874 
1.49 	 0.3936 	 0.3874 
1.50 	 0.3960 	 0.3874 
1.50 	 0.3952 	 0.3876 
1.50 	 0.3956 	 0.3876 
1.50 	 0.3960 	 0.3876 
1.50 	 0.3960 	 0.3878 
1.50 	 0.3936 	 0.3878 
1.50 	 0.3964 	 0.3880 
1.50 	 0.3976 	 0.3880 
1.50 	 0.3972 	 0.3880 
1.50 	 0.3944 	 0.3882 
1.50 	 0.3936 	 0.3882 
1.50 	 0.3956 	 0.3882 
1.50 	 0.3964 	 0.3884 
1.50 	 0.3980 	 0.3886 
1.50 	 0.3948 	 0.3886 
1.50 	 0.3952 	 0.3886 
1.50 	 0.3956 	 0.3886 
1.50 	 0.3960 	 0.3886 
1.50 	 0.3948 	 0.3886 
1.50 	 0.3972 	 0.3888 
1.51 	 0.3980 	 0.3888 
1.51 	 0.3988 	 0.3888 
1.51 	 0.3992 	 0.3888 
1.51 	 0.3964 	 0.3890 
1.51 	 0.3964 	 0.3890 
1.51 	 0.3964 	 0.3890 
1.51 	 0.3964 	 0.3890 
1.51 	 0.3952 	 0.3890 
1.51 	 0.3928 	 0.3890 
1.51 	 0.3932 	 0.3892 
1.51 	 0.3924 	 0.3892 
1.51 	 0.3908 	 0.3892 
1.51 	 0.3908 	 0.3892 
1.51 	 0.3908 	 0.3892 
1.51 	 0.3908 	 0.3892 
1.51 	 0.3916 	 0.3892 
1.51 	 0.3924 	 0.3894 
1.51 	 0.3932 	 0.3896 
1.51 	 0.3940 	 0.3896 
1.51 	 0.3912 	 0.3896 
1.52 	 0.3908 	 0.3896 
1.52 	 0.3916 	 0.3896 
1.52 	 0.3928 	 0.3898 
1.52 	 0.3932 	 0.3900 
1.52 	 0.3928 	 0.3902 
1.52 	 0.3964 	 0.3902 
1.52 	 0.3976 	 0.3902 
1.52 	 0.3916 	 0.3902 
1.52 	 0.3912 	 0.3902 
1.52 	 0.3892 	 0.3902 
1.52 	 0.3916 	 0.3904 
1.52 	 0.3880 	 0.3904 
1.52 	 0.3904 	 0.3904 
1.52 	 0.3896 	 0.3904 
1.52 	 0.3888 	 0.3904 
1.52 	 0.3892 	 0.3904 
1.52 	 0.3944 	 0.3906 
1.52 	 0.3956 	 0.3906 
1.52 	 0.3964 	 0.3910 
1.52 	 0.3960 	 0.3910 
1.53 	 0.3964 	 0.3910 
1.53 	 0.3964 	 0.3910 
1.53 	 0.3956 	 0.3910 
1.53 	 0.3960 	 0.3912 
1.53 	 0.3972 	 0.3914 
1.53 	 0.3984 	 0.3916 
1.53 	 0.3964 	 0.3916 
1.53 	 0.3984 	 0.3918 
1.53 	 0.3976 	 0.3918 
1.53 	 0.4020 	 0.3918 
1.53 	 0.4008 	 0.3918 
1.53 	 0.4016 	 0.3918 
1.53 	 0.4016 	 0.3920 
1.53 	 0.4012 	 0.3922 
1.53 	 0.4016 	 0.3924 
1.53 	 0.3988 	 0.3924 
1.53 	 0.3996 	 0.3926 
1.53 	 0.4004 	 0.3928 
1.53 	 0.4008 	 0.3930 
1.53 	 0.3996 	 0.3930 
1.54 	 0.4004 	 0.3930 
1.54 	 0.4016 	 0.3930 
1.54 	 0.3996 	 0.3930 
1.54 	 0.4004 	 0.3930 
1.54 	 0.4004 	 0.3930 
1.54 	 0.4008 	 0.3932 
1.54 	 0.3984 	 0.3932 
1.54 	 0.3988 	 0.3932 
1.54 	 0.3988 	 0.3932 
1.54 	 0.3992 	 0.3932 
1.54 	 0.4004 	 0.3932 
1.54 	 0.4008 	 0.3932 
1.54 	 0.4016 	 0.3934 
1.54 	 0.4020 	 0.3934 
1.54 	 0.4024 	 0.3936 
1.54 	 0.4024 	 0.3936 
1.54 	 0.4024 	 0.3936 
1.54 	 0.4044 	 0.3936 
1.54 	 0.4060 	 0.3936 
1.54 	 0.4032 	 0.3936 
1.54 	 0.4056 	 0.3936 
1.55 	 0.4052 	 0.3936 
1.55 	 0.4068 	 0.3940 
1.55 	 0.4024 	 0.3942 
1.55 	 0.4016 	 0.3942 
1.55 	 0.4024 	 0.3942 
1.55 	 0.4036 	 0.3942 
1.55 	 0.4056 	 0.3942 
1.55 	 0.4048 	 0.3942 
1.55 	 0.4060 	 0.3942 
1.55 	 0.4092 	 0.3946 
1.55 	 0.4084 	 0.3948 
1.55 	 0.4072 	 0.3948 
1.55 	 0.4092 	 0.3948 
1.55 	 0.4112 	 0.3948 
1.55 	 0.4108 	 0.3948 
1.55 	 0.4100 	 0.3948 
1.55 	 0.4116 	 0.3950 
1.55 	 0.4096 	 0.3954 
1.55 	 0.4120 	 0.3958 
1.55 	 0.4092 	 0.3958 
1.56 	 0.4072 	 0.3958 
1.56 	 0.4076 	 0.3958 
1.56 	 0.4076 	 0.3962 
1.56 	 0.4092 	 0.3962 
1.56 	 0.4092 	 0.3962 
1.56 	 0.4084 	 0.3968 
1.56 	 0.4060 	 0.3968 
1.56 	 0.4064 	 0.3968 
1.56 	 0.4044 	 0.3972 
1.56 	 0.4056 	 0.3972 
1.56 	 0.4048 	 0.3974 
1.56 	 0.4028 	 0.3974 
1.56 	 0.4036 	 0.3974 
1.56 	 0.4048 	 0.3974 
1.56 	 0.4052 	 0.3974 
1.56 	 0.4040 	 0.3974 
1.56 	 0.4056 	 0.3974 
1.56 	 0.4076 	 0.3974 
1.56 	 0.4072 	 0.3974 
1.56 	 0.4096 	 0.3974 
1.57 	 0.4080 	 0.3974 
1.57 	 0.4052 	 0.3974 
1.57 	 0.4092 	 0.3976 
1.57 	 0.4060 	 0.3976 
1.57 	 0.4056 	 0.3976 
1.57 	 0.4068 	 0.3976 
1.57 	 0.4052 	 0.3978 
1.57 	 0.4076 	 0.3978 
1.57 	 0.4128 	 0.3980 
1.57 	 0.4136 	 0.3980 
1.57 	 0.4140 	 0.3982 
1.57 	 0.4128 	 0.3982 
1.57 	 0.4112 	 0.3982 
1.57 	 0.4088 	 0.3982 
1.57 	 0.4084 	 0.3982 
1.57 	 0.4092 	 0.3984 
1.57 	 0.4088 	 0.3984 
1.57 	 0.4088 	 0.3986 
1.57 	 0.4084 	 0.3986 
1.57 	 0.4116 	 0.3986 
1.58 	 0.4144 	 0.3988 
1.58 	 0.4120 	 0.3990 
1.58 	 0.4132 	 0.3990 
1.58 	 0.4100 	 0.3990 
1.58 	 0.4080 	 0.3990 
1.58 	 0.4088 	 0.3990 
1.58 	 0.4072 	 0.3994 
1.58 	 0.4048 	 0.3994 
1.58 	 0.4036 	 0.3994 
1.58 	 0.4036 	 0.3996 
1.58 	 0.4028 	 0.3998 
1.58 	 0.4052 	 0.4004 
1.58 	 0.4076 	 0.4006 
1.58 	 0.4084 	 0.4006 
1.58 	 0.4052 	 0.4006 
1.58 	 0.4060 	 0.4006 
1.58 	 0.4072 	 0.4008 
1.58 	 0.4048 	 0.4008 
1.58 	 0.4072 	 0.4008 
1.58 	 0.4068 	 0.4010 
1.59 	 0.4056 	 0.4010 
1.59 	 0.4076 	 0.4010 
1.59 	 0.4068 	 0.4012 
1.59 	 0.4068 	 0.4014 
1.59 	 0.4108 	 0.4014 
1.59 	 0.4088 	 0.4014 
1.59 	 0.4084 	 0.4014 
1.59 	 0.4024 	 0.4016 
1.59 	 0.4044 	 0.4016 
1.59 	 0.4052 	 0.4016 
1.59 	 0.4064 	 0.4020 
1.59 	 0.4088 	 0.4020 
1.59 	 0.4096 	 0.4020 
1.59 	 0.4096 	 0.4020 
1.59 	 0.4104 	 0.4022 
1.59 	 0.4100 	 0.4022 
1.59 	 0.4108 	 0.4024 
1.59 	 0.4112 	 0.4024 
1.59 	 0.4136 	 0.4024 
1.59 	 0.4140 	 0.4026 
1.60 	 0.4132 	 0.4026 
1.60 	 0.4144 	 0.4030 
1.60 	 0.4136 	 0.4030 
1.60 	 0.4144 	 0.4030 
1.60 	 0.4144 	 0.4034 
1.60 	 0.4116 	 0.4034 
1.60 	 0.4104 	 0.4034 
1.60 	 0.4112 	 0.4034 
1.60 	 0.4104 	 0.4034 
1.60 	 0.4100 	 0.4036 
1.60 	 0.4104 	 0.4038 
1.60 	 0.4112 	 0.4038 
1.60 	 0.4096 	 0.4038 
1.60 	 0.4124 	 0.4038 
1.60 	 0.4148 	 0.4038 
1.60 	 0.4140 	 0.4042 
1.60 	 0.4132 	 0.4042 
1.60 	 0.4128 	 0.4042 
1.60 	 0.4152 	 0.4042 
1.60 	 0.4128 	 0.4042 
1.61 	 0.4128 	 0.4042 
1.61 	 0.4132 	 0.4044 
1.61 	 0.4160 	 0.4046 
1.61 	 0.4132 	 0.4046 
1.61 	 0.4148 	 0.4046 
1.61 	 0.4148 	 0.4046 
1.61 	 0.4120 	 0.4046 
1.61 	 0.4140 	 0.4046 
1.61 	 0.4160 	 0.4046 
1.61 	 0.4148 	 0.4046 
1.61 	 0.4168 	 0.4046 
1.61 	 0.4172 	 0.4046 
1.61 	 0.4160 	 0.4046 
1.61 	 0.4160 	 0.4046 
1.61 	 0.4184 	 0.4046 
1.61 	 0.4140 	 0.4046 
1.61 	 0.4168 	 0.4046 
1.61 	 0.4184 	 0.4046 
1.61 	 0.4156 	 0.4046 
1.61 	 0.4164 	 0.4046 
1.62 	 0.4144 	 0.4046 
1.62 	 0.4140 	 0.4048 
1.62 	 0.4140 	 0.4048 
1.62 	 0.4144 	 0.4048 
1.62 	 0.4160 	 0.4048 
1.62 	 0.4136 	 0.4048 
1.62 	 0.4136 	 0.4050 
1.62 	 0.4132 	 0.4050 
1.62 	 0.4120 	 0.4050 
1.62 	 0.4112 	 0.4050 
1.62 	 0.4116 	 0.4050 
1.62 	 0.4144 	 0.4050 
1.62 	 0.4128 	 0.4052 
1.62 	 0.4120 	 0.4052 
1.62 	 0.4108 	 0.4052 
1.62 	 0.4064 	 0.4052 
1.62 	 0.4100 	 0.4054 
1.62 	 0.4124 	 0.4056 
1.62 	 0.4116 	 0.4056 
1.62 	 0.4108 	 0.4060 
1.63 	 0.4108 	 0.4060 
1.63 	 0.4116 	 0.4062 
1.63 	 0.4116 	 0.4062 
1.63 	 0.4128 	 0.4062 
1.63 	 0.4144 	 0.4062 
1.63 	 0.4156 	 0.4064 
1.63 	 0.4156 	 0.4064 
1.63 	 0.4156 	 0.4066 
1.63 	 0.4132 	 0.4066 
1.63 	 0.4148 	 0.4068 
1.63 	 0.4156 	 0.4068 
1.63 	 0.4128 	 0.4070 
1.63 	 0.4108 	 0.4070 
1.63 	 0.4112 	 0.4070 
1.63 	 0.4096 	 0.4070 
1.63 	 0.4096 	 0.4070 
1.63 	 0.4084 	 0.4070 
1.63 	 0.4132 	 0.4072 
1.63 	 0.4120 	 0.4074 
1.64 	 0.4084 	 0.4074 
1.64 	 0.4076 	 0.4074 
1.64 	 0.4096 	 0.4078 
1.64 	 0.4108 	 0.4078 
1.64 	 0.4108 	 0.4078 
1.64 	 0.4104 	 0.4078 
1.64 	 0.4128 	 0.4080 
1.64 	 0.4116 	 0.4080 
1.64 	 0.4104 	 0.4082 
1.64 	 0.4068 	 0.4082 
1.64 	 0.4096 	 0.4082 
1.64 	 0.4100 	 0.4082 
1.64 	 0.4096 	 0.4082 
1.64 	 0.4112 	 0.4082 
1.64 	 0.4092 	 0.4082 
1.64 	 0.4092 	 0.4084 
1.64 	 0.4124 	 0.4086 
1.64 	 0.4088 	 0.4088 
1.64 	 0.4092 	 0.4088 
1.64 	 0.4100 	 0.4088 
1.65 	 0.4084 	 0.4088 
1.65 	 0.4100 	 0.4090 
1.65 	 0.4120 	 0.4090 
1.65 	 0.4136 	 0.4090 
1.65 	 0.4112 	 0.4090 
1.65 	 0.4128 	 0.4092 
1.65 	 0.4124 	 0.4092 
1.65 	 0.4124 	 0.4094 
1.65 	 0.4112 	 0.4094 
1.65 	 0.4128 	 0.4094 
1.65 	 0.4112 	 0.4094 
1.65 	 0.4116 	 0.4094 
1.65 	 0.4144 	 0.4094 
1.65 	 0.4140 	 0.4094 
1.65 	 0.4148 	 0.4096 
1.65 	 0.4128 	 0.4096 
1.65 	 0.4136 	 0.4098 
1.65 	 0.4156 	 0.4098 
1.65 	 0.4156 	 0.4098 
1.65 	 0.4148 	 0.4098 
1.66 	 0.4132 	 0.4098 
1.66 	 0.4140 	 0.4098 
1.66 	 0.4140 	 0.4098 
1.66 	 0.4132 	 0.4098 
1.66 	 0.4120 	 0.4098 
1.66 	 0.4116 	 0.4098 
1.66 	 0.4144 	 0.4100 
1.66 	 0.4096 	 0.4100 
1.66 	 0.4132 	 0.4100 
1.66 	 0.4104 	 0.4100 
1.66 	 0.4092 	 0.4100 
1.66 	 0.4080 	 0.4100 
1.66 	 0.4100 	 0.4100 
1.66 	 0.4092 	 0.4102 
1.66 	 0.4084 	 0.4104 
1.66 	 0.4104 	 0.4104 
1.66 	 0.4096 	 0.4104 
1.66 	 0.4104 	 0.4104 
1.66 	 0.4096 	 0.4104 
1.66 	 0.4116 	 0.4106 
1.67 	 0.4104 	 0.4106 
1.67 	 0.4084 	 0.4106 
1.67 	 0.4136 	 0.4106 
1.67 	 0.4140 	 0.4106 
1.67 	 0.4156 	 0.4106 
1.67 	 0.4152 	 0.4108 
1.67 	 0.4152 	 0.4108 
1.67 	 0.4144 	 0.4108 
1.67 	 0.4124 	 0.4108 
1.67 	 0.4132 	 0.4108 
1.67 	 0.4164 	 0.4112 
1.67 	 0.4164 	 0.4112 
1.67 	 0.4172 	 0.4112 
1.67 	 0.4172 	 0.4114 
1.67 	 0.4160 	 0.4114 
1.67 	 0.4156 	 0.4114 
1.67 	 0.4164 	 0.4114 
1.67 	 0.4164 	 0.4118 
1.67 	 0.4176 	 0.4118 
1.67 	 0.4168 	 0.4118 
1.68 	 0.4164 	 0.4120 
1.68 	 0.4188 	 0.4120 
1.68 	 0.4152 	 0.4120 
1.68 	 0.4156 	 0.4122 
1.68 	 0.4156 	 0.4124 
1.68 	 0.4152 	 0.4128 
1.68 	 0.4128 	 0.4128 
1.68 	 0.4120 	 0.4128 
1.68 	 0.4144 	 0.4128 
1.68 	 0.4160 	 0.4128 
1.68 	 0.4160 	 0.4128 
1.68 	 0.4200 	 0.4128 
1.68 	 0.4212 	 0.4130 
1.68 	 0.4220 	 0.4130 
1.68 	 0.4228 	 0.4138 
1.68 	 0.4228 	 0.4138 
1.68 	 0.4196 	 0.4138 
1.68 	 0.4216 	 0.4138 
1.68 	 0.4228 	 0.4138 
1.68 	 0.4236 	 0.4138 
1.69 	 0.4224 	 0.4138 
1.69 	 0.4208 	 0.4140 
1.69 	 0.4204 	 0.4142 
1.69 	 0.4244 	 0.4142 
1.69 	 0.4224 	 0.4144 
1.69 	 0.4216 	 0.4144 
1.69 	 0.4232 	 0.4146 
1.69 	 0.4236 	 0.4148 
1.69 	 0.4244 	 0.4148 
1.69 	 0.4228 	 0.4148 
1.69 	 0.4224 	 0.4148 
1.69 	 0.4220 	 0.4150 
1.69 	 0.4232 	 0.4150 
1.69 	 0.4212 	 0.4150 
1.69 	 0.4216 	 0.4150 
1.69 	 0.4232 	 0.4152 
1.69 	 0.4200 	 0.4152 
1.69 	 0.4216 	 0.4154 
1.69 	 0.4220 	 0.4158 
1.69 	 0.4244 	 0.4158 
1.70 	 0.4228 	 0.4158 
1.70 	 0.4216 	 0.4158 
1.70 	 0.4204 	 0.4160 
1.70 	 0.4212 	 0.4160 
1.70 	 0.4192 	 0.4162 
1.70 	 0.4196 	 0.4162 
1.70 	 0.4240 	 0.4162 
1.70 	 0.4204 	 0.4162 
1.70 	 0.4212 	 0.4162 
1.70 	 0.4228 	 0.4162 
1.70 	 0.4200 	 0.4162 
1.70 	 0.4232 	 0.4162 
1.70 	 0.4240 	 0.4164 
1.70 	 0.4252 	 0.4166 
1.70 	 0.4224 	 0.4166 
1.70 	 0.4224 	 0.4166 
1.70 	 0.4208 	 0.4166 
1.70 	 0.4216 	 0.4170 
1.70 	 0.4212 	 0.4172 
1.70 	 0.4224 	 0.4176 
1.71 	 0.4216 	 0.4176 
1.71 	 0.4220 	 0.4176 
1.71 	 0.4224 	 0.4176 
1.71 	 0.4236 	 0.4178 
1.71 	 0.4188 	 0.4178 
1.71 	 0.4224 	 0.4178 
1.71 	 0.4224 	 0.4178 
1.71 	 0.4196 	 0.4178 
1.71 	 0.4216 	 0.4178 
1.71 	 0.4208 	 0.4180 
1.71 	 0.4240 	 0.4180 
1.71 	 0.4240 	 0.4180 
1.71 	 0.4244 	 0.4184 
1.71 	 0.4244 	 0.4184 
1.71 	 0.4232 	 0.4184 
1.71 	 0.4236 	 0.4188 
1.71 	 0.4252 	 0.4188 
1.71 	 0.4252 	 0.4190 
1.71 	 0.4236 	 0.4190 
1.71 	 0.4188 	 0.4190 
1.72 	 0.4192 	 0.4190 
1.72 	 0.4248 	 0.4190 
1.72 	 0.4236 	 0.4190 
1.72 	 0.4260 	 0.4192 
1.72 	 0.4248 	 0.4194 
1.72 	 0.4288 	 0.4196 
1.72 	 0.4272 	 0.4196 
1.72 	 0.4284 	 0.4198 
1.72 	 0.4284 	 0.4198 
1.72 	 0.4268 	 0.4198 
1.72 	 0.4260 	 0.4198 
1.72 	 0.4288 	 0.4198 
1.72 	 0.4272 	 0.4198 
1.72 	 0.4272 	 0.4198 
1.72 	 0.4280 	 0.4198 
1.72 	 0.4268 	 0.4198 
1.72 	 0.4280 	 0.4200 
1.72 	 0.4320 	 0.4200 
1.72 	 0.4316 	 0.4200 
1.72 	 0.4288 	 0.4200 
1.73 	 0.4312 	 0.4202 
1.73 	 0.4312 	 0.4204 
1.73 	 0.4320 	 0.4204 
1.73 	 0.4328 	 0.4204 
1.73 	 0.4336 	 0.4204 
1.73 	 0.4336 	 0.4204 
1.73 	 0.4340 	 0.4204 
1.73 	 0.4348 	 0.4204 
1.73 	 0.4348 	 0.4206 
1.73 	 0.4360 	 0.4206 
1.73 	 0.4368 	 0.4206 
1.73 	 0.4348 	 0.4206 
1.73 	 0.4364 	 0.4206 
1.73 	 0.4320 	 0.4206 
1.73 	 0.4332 	 0.4206 
1.73 	 0.4340 	 0.4206 
1.73 	 0.4316 	 0.4208 
1.73 	 0.4316 	 0.4208 
1.73 	 0.4332 	 0.4210 
1.73 	 0.4320 	 0.4212 
1.74 	 0.4336 	 0.4214 
1.74 	 0.4340 	 0.4218 
1.74 	 0.4344 	 0.4218 
1.74 	 0.4352 	 0.4218 
1.74 	 0.4368 	 0.4218 
1.74 	 0.4360 	 0.4218 
1.74 	 0.4348 	 0.4218 
1.74 	 0.4336 	 0.4218 
1.74 	 0.4340 	 0.4218 
1.74 	 0.4368 	 0.4218 
1.74 	 0.4388 	 0.4218 
1.74 	 0.4392 	 0.4220 
1.74 	 0.4380 	 0.4222 
1.74 	 0.4404 	 0.4222 
1.74 	 0.4380 	 0.4222 
1.74 	 0.4372 	 0.4222 
1.74 	 0.4392 	 0.4222 
1.74 	 0.4356 	 0.4224 
1.74 	 0.4356 	 0.4224 
1.74 	 0.4360 	 0.4224 
1.75 	 0.4356 	 0.4226 
1.75 	 0.4368 	 0.4226 
1.75 	 0.4364 	 0.4228 
1.75 	 0.4348 	 0.4228 
1.75 	 0.4352 	 0.4230 
1.75 	 0.4356 	 0.4230 
1.75 	 0.4368 	 0.4230 
1.75 	 0.4392 	 0.4230 
1.75 	 0.4384 	 0.4230 
1.75 	 0.4436 	 0.4232 
1.75 	 0.4424 	 0.4232 
1.75 	 0.4424 	 0.4234 
1.75 	 0.4368 	 0.4234 
1.75 	 0.4368 	 0.4234 
1.75 	 0.4396 	 0.4234 
1.75 	 0.4396 	 0.4234 
1.75 	 0.4404 	 0.4236 
1.75 	 0.4396 	 0.4236 
1.75 	 0.4424 	 0.4236 
1.75 	 0.4400 	 0.4238 
1.76 	 0.4404 	 0.4238 
1.76 	 0.4416 	 0.4238 
1.76 	 0.4412 	 0.4238 
1.76 	 0.4440 	 0.4238 
1.76 	 0.4396 	 0.4238 
1.76 	 0.4408 	 0.4240 
1.76 	 0.4408 	 0.4246 
1.76 	 0.4408 	 0.4248 
1.76 	 0.4420 	 0.4248 
1.76 	 0.4444 	 0.4252 
1.76 	 0.4432 	 0.4254 
1.76 	 0.4436 	 0.4254 
1.76 	 0.4464 	 0.4254 
1.76 	 0.4448 	 0.4254 
1.76 	 0.4456 	 0.4254 
1.76 	 0.4428 	 0.4256 
1.76 	 0.4460 	 0.4256 
1.76 	 0.4424 	 0.4256 
1.76 	 0.4412 	 0.4256 
1.76 	 0.4444 	 0.4258 
1.77 	 0.4440 	 0.4258 
1.77 	 0.4448 	 0.4258 
1.77 	 0.4420 	 0.4258 
1.77 	 0.4424 	 0.4260 
1.77 	 0.4444 	 0.4260 
1.77 	 0.4440 	 0.4260 
1.77 	 0.4460 	 0.4262 
1.77 	 0.4480 	 0.4262 
1.77 	 0.4476 	 0.4262 
1.77 	 0.4500 	 0.4262 
1.77 	 0.4512 	 0.4266 
1.77 	 0.4496 	 0.4266 
1.77 	 0.4500 	 0.4266 
1.77 	 0.4504 	 0.4266 
1.77 	 0.4480 	 0.4268 
1.77 	 0.4496 	 0.4268 
1.77 	 0.4484 	 0.4268 
1.77 	 0.4472 	 0.4268 
1.77 	 0.4492 	 0.4268 
1.77 	 0.4472 	 0.4270 
1.78 	 0.4492 	 0.4270 
1.78 	 0.4500 	 0.4270 
1.78 	 0.4492 	 0.4270 
1.78 	 0.4516 	 0.4272 
1.78 	 0.4472 	 0.4272 
1.78 	 0.4460 	 0.4272 
1.78 	 0.4484 	 0.4272 
1.78 	 0.4456 	 0.4272 
1.78 	 0.4488 	 0.4272 
1.78 	 0.4480 	 0.4272 
1.78 	 0.4496 	 0.4272 
1.78 	 0.4456 	 0.4272 
1.78 	 0.4440 	 0.4272 
1.78 	 0.4448 	 0.4272 
1.78 	 0.4416 	 0.4272 
1.78 	 0.4420 	 0.4272 
1.78 	 0.4436 	 0.4272 
1.78 	 0.4428 	 0.4272 
1.78 	 0.4448 	 0.4272 
1.78 	 0.4420 	 0.4272 
1.79 	 0.4408 	 0.4272 
1.79 	 0.4416 	 0.4274 
1.79 	 0.4412 	 0.4274 
1.79 	 0.4428 	 0.4276 
1.79 	 0.4412 	 0.4276 
1.79 	 0.4400 	 0.4276 
1.79 	 0.4380 	 0.4276 
1.79 	 0.4392 	 0.4276 
1.79 	 0.4416 	 0.4276 
1.79 	 0.4424 	 0.4276 
1.79 	 0.4404 	 0.4276 
1.79 	 0.4392 	 0.4276 
1.79 	 0.4388 	 0.4276 
1.79 	 0.4376 	 0.4276 
1.79 	 0.4408 	 0.4276 
1.79 	 0.4368 	 0.4276 
1.79 	 0.4384 	 0.4276 
1.79 	 0.4372 	 0.4276 
1.79 	 0.4380 	 0.4276 
1.79 	 0.4388 	 0.4276 
1.79 	 0.4400 	 0.4276 
1.80 	 0.4380 	 0.4276 
1.80 	 0.4396 	 0.4278 
1.80 	 0.4392 	 0.4280 
1.80 	 0.4356 	 0.4282 
1.80 	 0.4364 	 0.4282 
1.80 	 0.4392 	 0.4284 
1.80 	 0.4404 	 0.4284 
1.80 	 0.4396 	 0.4286 
1.80 	 0.4428 	 0.4288 
1.80 	 0.4428 	 0.4290 
1.80 	 0.4404 	 0.4290 
1.80 	 0.4404 	 0.4290 
1.80 	 0.4420 	 0.4292 
1.80 	 0.4400 	 0.4294 
1.80 	 0.4424 	 0.4294 
1.80 	 0.4408 	 0.4296 
1.80 	 0.4412 	 0.4296 
1.80 	 0.4408 	 0.4298 
1.80 	 0.4376 	 0.4298 
1.80 	 0.4428 	 0.4304 
1.81 	 0.4428 	 0.4306 
1.81 	 0.4420 	 0.4306 
1.81 	 0.4436 	 0.4308 
1.81 	 0.4396 	 0.4310 
1.81 	 0.4408 	 0.4310 
1.81 	 0.4392 	 0.4310 
1.81 	 0.4432 	 0.4312 
1.81 	 0.4432 	 0.4312 
1.81 	 0.4460 	 0.4312 
1.81 	 0.4468 	 0.4314 
1.81 	 0.4456 	 0.4314 
1.81 	 0.4440 	 0.4314 
1.81 	 0.4460 	 0.4314 
1.81 	 0.4456 	 0.4314 
1.81 	 0.4440 	 0.4316 
1.81 	 0.4428 	 0.4316 
1.81 	 0.4460 	 0.4318 
1.81 	 0.4480 	 0.4320 
1.81 	 0.4472 	 0.4324 
1.81 	 0.4488 	 0.4324 
1.82 	 0.4484 	 0.4324 
1.82 	 0.4460 	 0.4324 
1.82 	 0.4452 	 0.4324 
1.82 	 0.4440 	 0.4328 
1.82 	 0.4440 	 0.4330 
1.82 	 0.4452 	 0.4330 
1.82 	 0.4476 	 0.4332 
1.82 	 0.4456 	 0.4332 
1.82 	 0.4508 	 0.4332 
1.82 	 0.4460 	 0.4332 
1.82 	 0.4472 	 0.4332 
1.82 	 0.4468 	 0.4332 
1.82 	 0.4504 	 0.4334 
1.82 	 0.4488 	 0.4334 
1.82 	 0.4460 	 0.4334 
1.82 	 0.4452 	 0.4336 
1.82 	 0.4444 	 0.4336 
1.82 	 0.4444 	 0.4336 
1.82 	 0.4456 	 0.4336 
1.82 	 0.4460 	 0.4336 
1.83 	 0.4484 	 0.4338 
1.83 	 0.4472 	 0.4338 
1.83 	 0.4484 	 0.4338 
1.83 	 0.4496 	 0.4338 
1.83 	 0.4468 	 0.4340 
1.83 	 0.4496 	 0.4340 
1.83 	 0.4500 	 0.4340 
1.83 	 0.4516 	 0.4340 
1.83 	 0.4532 	 0.4342 
1.83 	 0.4532 	 0.4342 
1.83 	 0.4536 	 0.4342 
1.83 	 0.4540 	 0.4344 
1.83 	 0.4520 	 0.4348 
1.83 	 0.4552 	 0.4348 
1.83 	 0.4528 	 0.4348 
1.83 	 0.4532 	 0.4350 
1.83 	 0.4532 	 0.4350 
1.83 	 0.4512 	 0.4350 
1.83 	 0.4520 	 0.4350 
1.83 	 0.4520 	 0.4350 
1.84 	 0.4496 	 0.4350 
1.84 	 0.4492 	 0.4350 
1.84 	 0.4488 	 0.4350 
1.84 	 0.4520 	 0.4350 
1.84 	 0.4504 	 0.4352 
1.84 	 0.4492 	 0.4352 
1.84 	 0.4504 	 0.4354 
1.84 	 0.4520 	 0.4354 
1.84 	 0.4496 	 0.4354 
1.84 	 0.4516 	 0.4354 
1.84 	 0.4528 	 0.4356 
1.84 	 0.4528 	 0.4358 
1.84 	 0.4524 	 0.4358 
1.84 	 0.4508 	 0.4360 
1.84 	 0.4496 	 0.4362 
1.84 	 0.4500 	 0.4364 
1.84 	 0.4496 	 0.4366 
1.84 	 0.4484 	 0.4366 
1.84 	 0.4488 	 0.4366 
1.84 	 0.4500 	 0.4368 
1.85 	 0.4516 	 0.4368 
1.85 	 0.4512 	 0.4370 
1.85 	 0.4476 	 0.4370 
1.85 	 0.4504 	 0.4370 
1.85 	 0.4492 	 0.4370 
1.85 	 0.4516 	 0.4372 
1.85 	 0.4496 	 0.4372 
1.85 	 0.4504 	 0.4372 
1.85 	 0.4516 	 0.4372 
1.85 	 0.4520 	 0.4372 
1.85 	 0.4512 	 0.4372 
1.85 	 0.4496 	 0.4372 
1.85 	 0.4504 	 0.4372 
1.85 	 0.4524 	 0.4374 
1.85 	 0.4520 	 0.4374 
1.85 	 0.4524 	 0.4376 
1.85 	 0.4544 	 0.4378 
1.85 	 0.4572 	 0.4382 
1.85 	 0.4548 	 0.4382 
1.85 	 0.4556 	 0.4386 
1.86 	 0.4540 	 0.4386 
1.86 	 0.4556 	 0.4386 
1.86 	 0.4540 	 0.4386 
1.86 	 0.4528 	 0.4386 
1.86 	 0.4508 	 0.4386 
1.86 	 0.4540 	 0.4386 
1.86 	 0.4524 	 0.4386 
1.86 	 0.4516 	 0.4386 
1.86 	 0.4540 	 0.4386 
1.86 	 0.4544 	 0.4390 
1.86 	 0.4524 	 0.4390 
1.86 	 0.4548 	 0.4390 
1.86 	 0.4548 	 0.4390 
1.86 	 0.4532 	 0.4390 
1.86 	 0.4536 	 0.4390 
1.86 	 0.4552 	 0.4392 
1.86 	 0.4544 	 0.4394 
1.86 	 0.4568 	 0.4394 
1.86 	 0.4596 	 0.4394 
1.86 	 0.4612 	 0.4398 
1.87 	 0.4592 	 0.4398 
1.87 	 0.4588 	 0.4400 
1.87 	 0.4588 	 0.4402 
1.87 	 0.4580 	 0.4402 
1.87 	 0.4612 	 0.4402 
1.87 	 0.4588 	 0.4402 
1.87 	 0.4584 	 0.4402 
1.87 	 0.4588 	 0.4404 
1.87 	 0.4596 	 0.4404 
1.87 	 0.4600 	 0.4406 
1.87 	 0.4592 	 0.4406 
1.87 	 0.4576 	 0.4406 
1.87 	 0.4608 	 0.4408 
1.87 	 0.4596 	 0.4410 
1.87 	 0.4592 	 0.4410 
1.87 	 0.4584 	 0.4410 
1.87 	 0.4600 	 0.4410 
1.87 	 0.4604 	 0.4412 
1.87 	 0.4624 	 0.4416 
1.88 	 0.4608 	 0.4416 
1.88 	 0.4576 	 0.4416 
1.88 	 0.4584 	 0.4418 
1.88 	 0.4556 	 0.4420 
1.88 	 0.4560 	 0.4422 
1.88 	 0.4564 	 0.4422 
1.88 	 0.4568 	 0.4422 
1.88 	 0.4560 	 0.4422 
1.88 	 0.4544 	 0.4422 
1.88 	 0.4544 	 0.4422 
1.88 	 0.4544 	 0.4424 
1.88 	 0.4556 	 0.4426 
1.88 	 0.4544 	 0.4426 
1.88 	 0.4556 	 0.4426 
1.88 	 0.4544 	 0.4426 
1.88 	 0.4552 	 0.4426 
1.88 	 0.4548 	 0.4426 
1.88 	 0.4548 	 0.4426 
1.88 	 0.4552 	 0.4428 
1.88 	 0.4588 	 0.4428 
1.89 	 0.4568 	 0.4428 
1.89 	 0.4568 	 0.4428 
1.89 	 0.4632 	 0.4432 
1.89 	 0.4604 	 0.4432 
1.89 	 0.4588 	 0.4434 
1.89 	 0.4576 	 0.4434 
1.89 	 0.4576 	 0.4434 
1.89 	 0.4556 	 0.4434 
1.89 	 0.4560 	 0.4436 
1.89 	 0.4572 	 0.4438 
1.89 	 0.4568 	 0.4438 
1.89 	 0.4576 	 0.4438 
1.89 	 0.4580 	 0.4438 
1.89 	 0.4592 	 0.4438 
1.89 	 0.4584 	 0.4438 
1.89 	 0.4544 	 0.4438 
1.89 	 0.4580 	 0.4438 
1.89 	 0.4568 	 0.4438 
1.89 	 0.4556 	 0.4438 
1.89 	 0.4552 	 0.4438 
1.90 	 0.4584 	 0.4440 
1.90 	 0.4548 	 0.4440 
1.90 	 0.4592 	 0.4442 
1.90 	 0.4572 	 0.4442 
1.90 	 0.4576 	 0.4442 
1.90 	 0.4576 	 0.4442 
1.90 	 0.4580 	 0.4444 
1.90 	 0.4584 	 0.4446 
1.90 	 0.4572 	 0.4448 
1.90 	 0.4596 	 0.4450 
1.90 	 0.4600 	 0.4450 
1.90 	 0.4588 	 0.4450 
1.90 	 0.4596 	 0.4450 
1.90 	 0.4596 	 0.4450 
1.90 	 0.4600 	 0.4450 
1.90 	 0.4572 	 0.4450 
1.90 	 0.4568 	 0.4450 
1.90 	 0.4560 	 0.4450 
1.90 	 0.4564 	 0.4450 
1.90 	 0.4548 	 0.4450 
1.91 	 0.4544 	 0.4452 
1.91 	 0.4556 	 0.4454 
1.91 	 0.4572 	 0.4456 
1.91 	 0.4552 	 0.4460 
1.91 	 0.4552 	 0.4460 
1.91 	 0.4556 	 0.4460 
1.91 	 0.4584 	 0.4462 
1.91 	 0.4560 	 0.4462 
1.91 	 0.4596 	 0.4462 
1.91 	 0.4544 	 0.4462 
1.91 	 0.4576 	 0.4464 
1.91 	 0.4572 	 0.4466 
1.91 	 0.4580 	 0.4466 
1.91 	 0.4580 	 0.4466 
1.91 	 0.4532 	 0.4466 
1.91 	 0.4556 	 0.4468 
1.91 	 0.4564 	 0.4470 
1.91 	 0.4548 	 0.4470 
1.91 	 0.4544 	 0.4470 
1.91 	 0.4552 	 0.4472 
1.92 	 0.4592 	 0.4474 
1.92 	 0.4584 	 0.4476 
1.92 	 0.4608 	 0.4480 
1.92 	 0.4588 	 0.4480 
1.92 	 0.4600 	 0.4480 
1.92 	 0.4588 	 0.4482 
1.92 	 0.4600 	 0.4482 
1.92 	 0.4592 	 0.4482 
1.92 	 0.4592 	 0.4484 
1.92 	 0.4584 	 0.4488 
1.92 	 0.4608 	 0.4488 
1.92 	 0.4612 	 0.4488 
1.92 	 0.4620 	 0.4490 
1.92 	 0.4616 	 0.4490 
1.92 	 0.4636 	 0.4490 
1.92 	 0.4612 	 0.4492 
1.92 	 0.4616 	 0.4494 
1.92 	 0.4620 	 0.4494 
1.92 	 0.4612 	 0.4494 
1.92 	 0.4616 	 0.4494 
1.93 	 0.4604 	 0.4494 
1.93 	 0.4600 	 0.4494 
1.93 	 0.4612 	 0.4496 
1.93 	 0.4632 	 0.4496 
1.93 	 0.4604 	 0.4500 
1.93 	 0.4576 	 0.4500 
1.93 	 0.4584 	 0.4500 
1.93 	 0.4596 	 0.4500 
1.93 	 0.4628 	 0.4500 
1.93 	 0.4616 	 0.4502 
1.93 	 0.4620 	 0.4502 
1.93 	 0.4604 	 0.4504 
1.93 	 0.4620 	 0.4508 
1.93 	 0.4608 	 0.4512 
1.93 	 0.4624 	 0.4512 
1.93 	 0.4616 	 0.4514 
1.93 	 0.4588 	 0.4516 
1.93 	 0.4588 	 0.4516 
1.93 	 0.4604 	 0.4516 
1.93 	 0.4632 	 0.4516 
1.94 	 0.4608 	 0.4516 
1.94 	 0.4620 	 0.4516 
1.94 	 0.4612 	 0.4516 
1.94 	 0.4632 	 0.4516 
1.94 	 0.4620 	 0.4518 
1.94 	 0.4664 	 0.4520 
1.94 	 0.4668 	 0.4520 
1.94 	 0.4656 	 0.4520 
1.94 	 0.4660 	 0.4520 
1.94 	 0.4652 	 0.4520 
1.94 	 0.4648 	 0.4520 
1.94 	 0.4656 	 0.4522 
1.94 	 0.4644 	 0.4526 
1.94 	 0.4660 	 0.4526 
1.94 	 0.4656 	 0.4526 
1.94 	 0.4668 	 0.4526 
1.94 	 0.4664 	 0.4526 
1.94 	 0.4680 	 0.4526 
1.94 	 0.4684 	 0.4528 
1.94 	 0.4664 	 0.4528 
1.95 	 0.4664 	 0.4528 
1.95 	 0.4656 	 0.4528 
1.95 	 0.4636 	 0.4528 
1.95 	 0.4640 	 0.4528 
1.95 	 0.4628 	 0.4530 
1.95 	 0.4652 	 0.4530 
1.95 	 0.4660 	 0.4532 
1.95 	 0.4664 	 0.4534 
1.95 	 0.4652 	 0.4534 
1.95 	 0.4672 	 0.4534 
1.95 	 0.4696 	 0.4534 
1.95 	 0.4680 	 0.4536 
1.95 	 0.4680 	 0.4538 
1.95 	 0.4688 	 0.4540 
1.95 	 0.4704 	 0.4542 
1.95 	 0.4696 	 0.4542 
1.95 	 0.4708 	 0.4542 
1.95 	 0.4716 	 0.4542 
1.95 	 0.4704 	 0.4542 
1.95 	 0.4728 	 0.4542 
1.96 	 0.4720 	 0.4544 
1.96 	 0.4720 	 0.4544 
1.96 	 0.4736 	 0.4544 
1.96 	 0.4724 	 0.4544 
1.96 	 0.4672 	 0.4544 
1.96 	 0.4676 	 0.4544 
1.96 	 0.4684 	 0.4544 
1.96 	 0.4692 	 0.4546 
1.96 	 0.4736 	 0.4546 
1.96 	 0.4716 	 0.4546 
1.96 	 0.4720 	 0.4548 
1.96 	 0.4728 	 0.4548 
1.96 	 0.4716 	 0.4548 
1.96 	 0.4736 	 0.4548 
1.96 	 0.4748 	 0.4548 
1.96 	 0.4752 	 0.4550 
1.96 	 0.4748 	 0.4550 
1.96 	 0.4760 	 0.4550 
1.96 	 0.4752 	 0.4550 
1.96 	 0.4724 	 0.4550 
1.97 	 0.4740 	 0.4552 
1.97 	 0.4732 	 0.4552 
1.97 	 0.4748 	 0.4554 
1.97 	 0.4728 	 0.4554 
1.97 	 0.4712 	 0.4554 
1.97 	 0.4708 	 0.4554 
1.97 	 0.4708 	 0.4556 
1.97 	 0.4704 	 0.4556 
1.97 	 0.4692 	 0.4556 
1.97 	 0.4688 	 0.4556 
1.97 	 0.4672 	 0.4556 
1.97 	 0.4720 	 0.4556 
1.97 	 0.4692 	 0.4556 
1.97 	 0.4712 	 0.4556 
1.97 	 0.4724 	 0.4556 
1.97 	 0.4716 	 0.4556 
1.97 	 0.4684 	 0.4556 
1.97 	 0.4684 	 0.4556 
1.97 	 0.4688 	 0.4556 
1.97 	 0.4672 	 0.4556 
1.98 	 0.4648 	 0.4556 
1.98 	 0.4668 	 0.4560 
1.98 	 0.4652 	 0.4560 
1.98 	 0.4660 	 0.4560 
1.98 	 0.4636 	 0.4562 
1.98 	 0.4656 	 0.4562 
1.98 	 0.4648 	 0.4562 
1.98 	 0.4636 	 0.4562 
1.98 	 0.4616 	 0.4562 
1.98 	 0.4644 	 0.4562 
1.98 	 0.4632 	 0.4562 
1.98 	 0.4640 	 0.4564 
1.98 	 0.4644 	 0.4566 
1.98 	 0.4656 	 0.4566 
1.98 	 0.4660 	 0.4568 
1.98 	 0.4636 	 0.4568 
1.98 	 0.4640 	 0.4568 
1.98 	 0.4672 	 0.4568 
1.98 	 0.4684 	 0.4568 
1.98 	 0.4656 	 0.4568 
1.99 	 0.4672 	 0.4568 
1.99 	 0.4668 	 0.4568 
1.99 	 0.4668 	 0.4568 
1.99 	 0.4648 	 0.4568 
1.99 	 0.4680 	 0.4568 
1.99 	 0.4676 	 0.4568 
1.99 	 0.4676 	 0.4570 
1.99 	 0.4672 	 0.4572 
1.99 	 0.4680 	 0.4572 
1.99 	 0.4668 	 0.4572 
1.99 	 0.4648 	 0.4572 
1.99 	 0.4624 	 0.4572 
1.99 	 0.4644 	 0.4572 
1.99 	 0.4628 	 0.4572 
1.99 	 0.4640 	 0.4574 
1.99 	 0.4664 	 0.4574 
1.99 	 0.4660 	 0.4574 
1.99 	 0.4656 	 0.4574 
1.99 	 0.4656 	 0.4574 
1.99 	 0.4660 	 0.4574 
2.00 	 0.4668 	 0.4574 
2.00 	 0.4672 	 0.4574 
2.00 	 0.4672 	 0.4574 
2.00 	 0.4672 	 0.4576 
2.00 	 0.4684 	 0.4576 
2.00 	 0.4680 	 0.4576 
2.00 	 0.4652 	 0.4576 
2.00 	 0.4652 	 0.4576 
2.00 	 0.4664 	 0.4578 
2.00 	 0.4672 	 0.4578 
